xof 0303txt 0032
template ColorRGBA {
 <35ff44e0-6c7c-11cf-8f52-0040333594a3>
 FLOAT red;
 FLOAT green;
 FLOAT blue;
 FLOAT alpha;
}

template ColorRGB {
 <d3e16e81-7835-11cf-8f52-0040333594a3>
 FLOAT red;
 FLOAT green;
 FLOAT blue;
}

template Material {
 <3d82ab4d-62da-11cf-ab39-0020af71e433>
 ColorRGBA faceColor;
 FLOAT power;
 ColorRGB specularColor;
 ColorRGB emissiveColor;
 [...]
}

template TextureFilename {
 <a42790e1-7810-11cf-8f52-0040333594a3>
 STRING filename;
}

template Frame {
 <3d82ab46-62da-11cf-ab39-0020af71e433>
 [...]
}

template Matrix4x4 {
 <f6f23f45-7686-11cf-8f52-0040333594a3>
 array FLOAT matrix[16];
}

template FrameTransformMatrix {
 <f6f23f41-7686-11cf-8f52-0040333594a3>
 Matrix4x4 frameMatrix;
}

template Vector {
 <3d82ab5e-62da-11cf-ab39-0020af71e433>
 FLOAT x;
 FLOAT y;
 FLOAT z;
}

template MeshFace {
 <3d82ab5f-62da-11cf-ab39-0020af71e433>
 DWORD nFaceVertexIndices;
 array DWORD faceVertexIndices[nFaceVertexIndices];
}

template Mesh {
 <3d82ab44-62da-11cf-ab39-0020af71e433>
 DWORD nVertices;
 array Vector vertices[nVertices];
 DWORD nFaces;
 array MeshFace faces[nFaces];
 [...]
}

template MeshNormals {
 <f6f23f43-7686-11cf-8f52-0040333594a3>
 DWORD nNormals;
 array Vector normals[nNormals];
 DWORD nFaceNormals;
 array MeshFace faceNormals[nFaceNormals];
}

template MeshMaterialList {
 <f6f23f42-7686-11cf-8f52-0040333594a3>
 DWORD nMaterials;
 DWORD nFaceIndexes;
 array DWORD faceIndexes[nFaceIndexes];
 [Material <3d82ab4d-62da-11cf-ab39-0020af71e433>]
}

template Coords2d {
 <f6f23f44-7686-11cf-8f52-0040333594a3>
 FLOAT u;
 FLOAT v;
}

template MeshTextureCoords {
 <f6f23f40-7686-11cf-8f52-0040333594a3>
 DWORD nTextureCoords;
 array Coords2d textureCoords[nTextureCoords];
}

template XSkinMeshHeader {
 <3cf169ce-ff7c-44ab-93c0-f78f62d172e2>
 WORD nMaxSkinWeightsPerVertex;
 WORD nMaxSkinWeightsPerFace;
 WORD nBones;
}

template SkinWeights {
 <6f0d123b-bad2-4167-a0d0-80224f25fabb>
 STRING transformNodeName;
 DWORD nWeights;
 array DWORD vertexIndices[nWeights];
 array FLOAT weights[nWeights];
 Matrix4x4 matrixOffset;
}

template AnimTicksPerSecond {
 <9e415a43-7ba6-4a73-8743-b73d47e88476>
 DWORD AnimTicksPerSecond;
}

template Animation {
 <3d82ab4f-62da-11cf-ab39-0020af71e433>
 [...]
}

template AnimationSet {
 <3d82ab50-62da-11cf-ab39-0020af71e433>
 [Animation <3d82ab4f-62da-11cf-ab39-0020af71e433>]
}

template FloatKeys {
 <10dd46a9-775b-11cf-8f52-0040333594a3>
 DWORD nValues;
 array FLOAT values[nValues];
}

template TimedFloatKeys {
 <f406b180-7b3b-11cf-8f52-0040333594a3>
 DWORD time;
 FloatKeys tfkeys;
}

template AnimationKey {
 <10dd46a8-775b-11cf-8f52-0040333594a3>
 DWORD keyType;
 DWORD nKeys;
 array TimedFloatKeys keys[nKeys];
}


Material DefaultMaterial {
 1.000000;1.000000;1.000000;1.000000;;
 0.000000;
 0.000000;0.000000;0.000000;;
 0.000000;0.000000;0.000000;;

 TextureFilename {
  "Yasuo_base_TX_CM.dds";
 }
}

Frame Root_Upper {
 

 FrameTransformMatrix {
  0.393701,0.000000,0.000000,0.000000,0.000000,-0.000000,-0.393701,0.000000,0.000000,0.393701,-0.000000,0.000000,-0.225775,42.125590,-2.379697,1.000000;;
 }

 Frame Root {
  

  FrameTransformMatrix {
   0.486150,0.873410,-0.028533,0.000000,-0.860645,0.472874,-0.188891,0.000000,-0.151487,0.116386,0.981583,0.000000,-1.884430,-0.083702,-0.218903,1.000000;;
  }

  Frame Spine1 {
   

   FrameTransformMatrix {
    0.999612,-0.023580,-0.014822,0.000000,0.023055,0.999133,-0.034666,0.000000,0.015627,0.034310,0.999289,0.000000,0.051214,-0.044545,8.268310,1.000000;;
   }

   Frame Spine2 {
    

    FrameTransformMatrix {
     0.991575,-0.043955,-0.121849,0.000000,0.029255,0.992354,-0.119907,0.000000,0.126188,0.115332,0.985279,0.000000,0.238546,-0.865196,9.102242,1.000000;;
    }

    Frame Spine3 {
     

     FrameTransformMatrix {
      0.986645,-0.017563,-0.161938,0.000000,-0.011283,0.984413,-0.175510,0.000000,0.162496,0.174993,0.971068,0.000000,0.552300,-0.709221,8.101860,1.000000;;
     }

     Frame M_Cape_Front1 {
      

      FrameTransformMatrix {
       0.468392,0.187176,-0.863467,0.000000,0.221036,-0.971049,-0.090594,0.000000,-0.855425,-0.148424,-0.496204,0.000000,-8.460235,13.786896,20.732109,1.000000;;
      }

      Frame M_Cape_Front2 {
       

       FrameTransformMatrix {
        1.000000,0.000000,-0.000000,0.000000,-0.000000,1.000000,-0.000000,0.000000,0.000000,0.000000,1.000000,0.000000,24.279213,0.000002,0.000000,1.000000;;
       }
      }
     }

     Frame M_Cape_Back1 {
      

      FrameTransformMatrix {
       0.024889,-0.266574,-0.963493,0.000000,0.036137,-0.962922,0.267349,0.000000,-0.999037,-0.041472,-0.014333,0.000000,-6.597866,-17.779502,25.262795,1.000000;;
      }

      Frame M_Cape_Back2 {
       

       FrameTransformMatrix {
        1.000000,-0.000000,-0.000000,0.000000,0.000000,1.000000,-0.000000,0.000000,-0.000000,0.000000,1.000000,0.000000,24.487800,-0.000008,0.000000,1.000000;;
       }
      }
     }

     Frame Collar_Front {
      

      FrameTransformMatrix {
       1.000000,0.000000,-0.000000,0.000000,-0.000000,0.803281,-0.595600,0.000000,-0.000000,0.595600,0.803281,0.000000,0.998310,12.952503,24.534600,1.000000;;
      }
     }

     Frame L_Collar {
      

      FrameTransformMatrix {
       -0.183385,-0.786899,0.589202,0.000000,-0.963023,0.023466,-0.268395,0.000000,0.197374,-0.616635,-0.762105,0.000000,-9.751568,4.200325,30.591805,1.000000;;
      }
     }

     Frame R_Collar {
      

      FrameTransformMatrix {
       0.000000,0.752438,-0.658663,0.000000,-0.999029,-0.029018,-0.033149,0.000000,-0.044055,0.658024,0.751707,0.000000,12.785198,-1.222691,29.986701,1.000000;;
      }
     }

     Frame Collar_Back {
      

      FrameTransformMatrix {
       0.954995,-0.166179,0.245702,0.000000,0.037047,0.888668,0.457052,0.000000,-0.294300,-0.427380,0.854830,0.000000,-2.618252,-8.679367,28.193808,1.000000;;
      }
     }

     Frame L_Clavicle {
      

      FrameTransformMatrix {
       0.982732,-0.185035,0.000000,0.000000,0.185035,0.982732,0.000000,0.000000,0.000000,-0.000000,1.000000,0.000000,-3.128735,3.725502,16.534706,1.000000;;
      }

      Frame L_Shoulder {
       

       FrameTransformMatrix {
        0.627203,0.219600,0.747257,0.000000,0.355430,0.773000,-0.525492,0.000000,-0.693027,0.595187,0.406775,0.000000,-19.251797,-5.957123,3.069000,1.000000;;
       }

       Frame L_Shoulder_Pauldron4 {
        

        FrameTransformMatrix {
         1.000000,0.000000,0.000000,0.000000,0.000000,0.484510,0.874786,0.000000,0.000000,-0.874786,0.484510,0.000000,-38.869696,0.000000,0.000000,1.000000;;
        }
       }

       Frame L_Shoulder_Pauldron3 {
        

        FrameTransformMatrix {
         1.000000,0.000000,0.000000,0.000000,0.000000,0.484510,0.874786,0.000000,0.000000,-0.874786,0.484510,0.000000,-34.182096,0.000000,0.000000,1.000000;;
        }
       }

       Frame L_Shoulder_Pauldron2 {
        

        FrameTransformMatrix {
         1.000000,0.000000,0.000000,0.000000,0.000000,0.484510,0.874786,0.000000,0.000000,-0.874786,0.484510,0.000000,-27.188294,0.000015,0.000000,1.000000;;
        }
       }

       Frame L_Shoulder_Pauldron1 {
        

        FrameTransformMatrix {
         1.000000,0.000000,0.000000,0.000000,0.000000,0.484510,0.874786,0.000000,0.000000,-0.874786,0.484510,0.000000,-20.089600,0.000000,0.000000,1.000000;;
        }
       }

       Frame L_Elbow {
        

        FrameTransformMatrix {
         -0.038672,-0.999249,-0.002402,0.000000,0.998949,-0.038601,-0.024715,0.000000,0.024604,-0.003355,0.999692,0.000000,-39.734096,0.000000,0.000000,1.000000;;
        }

        Frame L_Hand {
         

         FrameTransformMatrix {
          0.976987,0.096869,0.190034,0.000000,-0.114045,0.990118,0.081613,0.000000,-0.180250,-0.101407,0.978379,0.000000,-29.877792,0.000004,0.000004,1.000000;;
         }

         Frame L_Pinky1 {
          

          FrameTransformMatrix {
           0.808097,0.351173,0.472924,0.000000,-0.467341,0.870942,0.151832,0.000000,-0.358570,-0.343711,0.867923,0.000000,-10.944992,-5.927122,-1.661861,1.000000;;
          }

          Frame L_Pinky2 {
           

           FrameTransformMatrix {
            0.974317,-0.013162,-0.224796,0.000000,-0.046813,0.964640,-0.259381,0.000000,0.220262,0.263242,0.939249,0.000000,-4.384812,-0.000015,-0.000046,1.000000;;
           }
          }
         }

         Frame L_Ring1 {
          

          FrameTransformMatrix {
           0.859385,0.274279,0.431543,0.000000,-0.331170,0.941595,0.061043,0.000000,-0.389595,-0.195373,0.900025,0.000000,-12.847999,-3.482761,-1.159031,1.000000;;
          }

          Frame L_Ring2 {
           

           FrameTransformMatrix {
            0.823892,-0.111978,0.555575,0.000000,0.043881,0.989948,0.134453,0.000000,-0.565046,-0.086396,0.820524,0.000000,-4.789818,0.000097,0.000061,1.000000;;
           }
          }
         }

         Frame L_Middle1 {
          

          FrameTransformMatrix {
           0.957141,0.216051,0.192882,0.000000,-0.229759,0.971883,0.051510,0.000000,-0.176330,-0.093619,0.979869,0.000000,-13.343598,-0.124672,-0.868523,1.000000;;
          }

          Frame L_Middle2 {
           

           FrameTransformMatrix {
            0.526260,-0.256588,0.810687,0.000000,-0.057253,0.940530,0.334850,0.000000,-0.848394,-0.222633,0.480273,0.000000,-5.693703,0.000111,0.000036,1.000000;;
           }
          }
         }

         Frame L_Index1 {
          

          FrameTransformMatrix {
           0.970454,-0.030444,0.239360,0.000000,0.018889,0.998549,0.050423,0.000000,-0.240548,-0.044412,0.969621,0.000000,-13.469002,3.098398,-1.020372,1.000000;;
          }

          Frame L_Index2 {
           

           FrameTransformMatrix {
            0.618774,-0.395028,0.679023,0.000000,-0.063968,0.836163,0.544738,0.000000,-0.782961,-0.380506,0.492126,0.000000,-5.716919,-0.000092,-0.000050,1.000000;;
           }
          }
         }

         Frame L_Thumb1 {
          

          FrameTransformMatrix {
           0.417040,-0.679833,0.603246,0.000000,0.730622,-0.144032,-0.667417,0.000000,0.540619,0.719084,0.436634,0.000000,-5.219589,4.980747,-2.041969,1.000000;;
          }

          Frame L_Thumb2 {
           

           FrameTransformMatrix {
            0.759487,0.199232,0.619263,0.000000,-0.067687,0.970982,-0.229375,0.000000,-0.646991,0.132291,0.750933,0.000000,-6.114490,0.000168,0.000351,1.000000;;
           }
          }
         }
        }
       }
      }
     }

     Frame R_Clavicle {
      

      FrameTransformMatrix {
       0.957927,0.287011,-0.000000,0.000000,0.287011,-0.957927,-0.000000,0.000000,0.000000,0.000000,-1.000000,0.000000,3.128740,3.725498,16.534507,1.000000;;
      }

      Frame R_Cape_Back1 {
       

       FrameTransformMatrix {
        0.393995,0.036259,0.918397,0.000000,0.546044,0.794532,-0.265623,0.000000,-0.739327,0.606139,0.293242,0.000000,30.035805,18.912502,-7.240753,1.000000;;
       }

       Frame R_Cape_Back2 {
        

        FrameTransformMatrix {
         0.989529,0.004669,0.144259,0.000000,-0.040411,0.968465,0.245851,0.000000,-0.138561,-0.249106,0.958513,0.000000,18.903603,0.000000,-0.000006,1.000000;;
        }
       }
      }

      Frame R_Cape_Front1 {
       

       FrameTransformMatrix {
        0.398975,-0.600710,0.692796,0.000000,0.875222,0.474832,-0.092315,0.000000,-0.273507,0.643182,0.715200,0.000000,23.213603,-5.057060,-7.087646,1.000000;;
       }

       Frame R_Cape_Front2 {
        

        FrameTransformMatrix {
         1.000000,0.000000,0.000000,0.000000,0.000000,1.000000,0.000000,0.000000,0.000000,0.000000,1.000000,0.000000,15.670006,0.000006,-0.000008,1.000000;;
        }
       }
      }

      Frame R_Shoulder {
       

       FrameTransformMatrix {
        0.576658,-0.506839,0.640765,0.000000,0.791345,0.541466,-0.283878,0.000000,-0.203072,0.670767,0.713325,0.000000,19.251800,5.957130,-3.069641,1.000000;;
       }

       Frame R_Cape_Mid1 {
        

        FrameTransformMatrix {
         0.997510,0.038135,0.059324,0.000000,-0.043031,0.995572,0.083573,0.000000,-0.055874,-0.085918,0.994734,0.000000,6.374230,5.858200,-10.327499,1.000000;;
        }

        Frame R_Cape_Mid2 {
         

         FrameTransformMatrix {
          1.000000,0.000000,-0.000000,0.000000,-0.000000,1.000000,-0.000000,0.000000,0.000000,-0.000000,1.000000,0.000000,15.669998,0.000000,0.000000,1.000000;;
         }
        }
       }

       Frame R_Elbow {
        

        FrameTransformMatrix {
         0.007683,-0.999965,-0.003239,0.000000,0.999685,0.007758,-0.023883,0.000000,0.023907,-0.003054,0.999710,0.000000,39.734611,0.000000,0.000000,1.000000;;
        }

        Frame R_Hand {
         

         FrameTransformMatrix {
          0.378105,-0.743472,-0.551621,0.000000,-0.600045,0.256929,-0.757584,0.000000,0.704970,0.617444,-0.348970,0.000000,29.878096,0.000000,0.000008,1.000000;;
         }

         Frame Flute {
          

          FrameTransformMatrix {
           0.000000,0.000000,0.000000,0.000000,0.000000,-0.000000,-0.000000,0.000000,-0.000000,0.000000,-0.000000,0.000000,-89.567706,-33.475597,40.925190,1.000000;;
          }
         }

         Frame Sword {
          

          FrameTransformMatrix {
           -0.001130,0.999933,0.011526,0.000000,0.317571,-0.010570,0.948175,0.000000,0.948234,0.004732,-0.317538,0.000000,11.584488,4.994942,4.228272,1.000000;;
          }

          Frame SwordBlade1 {
           

           FrameTransformMatrix {
            0.998655,0.000000,0.051845,0.000000,-0.000000,1.000000,0.000000,0.000000,-0.051845,0.000000,0.998655,0.000000,-26.973603,0.000004,-1.225342,1.000000;;
           }

           Frame SwordBlade2 {
            

            FrameTransformMatrix {
             0.994898,0.000000,0.100882,0.000000,-0.000000,1.000000,-0.000000,0.000000,-0.100882,0.000000,0.994898,0.000000,-52.786400,0.000000,-2.676056,1.000000;;
            }

            Frame SwordBlade3 {
             

             FrameTransformMatrix {
              0.996468,0.000000,0.083977,0.000000,-0.000000,1.000000,-0.000000,0.000000,-0.083977,0.000000,0.996468,0.000000,-52.886096,-0.000002,-3.528587,1.000000;;
             }
            }
           }
          }
         }

         Frame R_Pinky1 {
          

          FrameTransformMatrix {
           0.808097,0.351173,0.472924,0.000000,-0.467341,0.870942,0.151832,0.000000,-0.358570,-0.343711,0.867923,0.000000,10.944397,5.926918,1.661598,1.000000;;
          }

          Frame R_Pinky2 {
           

           FrameTransformMatrix {
            0.705285,-0.000000,0.708924,0.000000,-0.000000,1.000000,0.000000,0.000000,-0.708924,-0.000000,0.705285,0.000000,4.385132,-0.000019,0.000023,1.000000;;
           }
          }
         }

         Frame R_Ring1 {
          

          FrameTransformMatrix {
           0.314575,0.049184,0.947958,0.000000,-0.331170,0.941594,0.061043,0.000000,-0.889589,-0.333138,0.312490,0.000000,12.847992,3.482769,1.159111,1.000000;;
          }

          Frame R_Ring2 {
           

           FrameTransformMatrix {
            0.256740,-0.000000,0.966481,0.000000,0.000000,1.000000,0.000000,0.000000,-0.966481,-0.000000,0.256740,0.000000,4.789362,-0.000082,-0.000015,1.000000;;
           }
          }
         }

         Frame R_Middle1 {
          

          FrameTransformMatrix {
           0.209034,-0.002413,0.977905,0.000000,-0.229759,0.971883,0.051510,0.000000,-0.950534,-0.235450,0.202602,0.000000,13.342994,0.124462,0.868279,1.000000;;
          }

          Frame R_Middle2 {
           

           FrameTransformMatrix {
            0.470697,0.084868,0.878204,0.000000,-0.054942,0.996251,-0.066829,0.000000,-0.880583,-0.016794,0.473595,0.000000,5.693970,-0.000078,-0.000053,1.000000;;
           }
          }
         }

         Frame R_Index1 {
          

          FrameTransformMatrix {
           0.247251,-0.053531,0.967472,0.000000,0.018889,0.998549,0.050423,0.000000,-0.968767,0.005807,0.247903,0.000000,13.468498,-3.098570,1.020214,1.000000;;
          }

          Frame R_Index2 {
           

           FrameTransformMatrix {
            0.057496,-0.000000,0.998346,0.000000,0.000000,1.000000,0.000000,0.000000,-0.998346,0.000000,0.057496,0.000000,5.717018,0.000145,0.000000,1.000000;;
           }
          }
         }

         Frame R_Thumb1 {
          

          FrameTransformMatrix {
           0.555137,-0.186545,0.810570,0.000000,0.797133,-0.158931,-0.582511,0.000000,0.237490,0.969506,0.060473,0.000000,5.219101,-4.980911,2.041786,1.000000;;
          }

          Frame R_Thumb2 {
           

           FrameTransformMatrix {
            0.313616,0.000000,0.949550,0.000000,-0.000000,1.000000,0.000000,0.000000,-0.949550,0.000000,0.313616,0.000000,6.114820,0.000008,-0.000004,1.000000;;
           }
          }
         }
        }
       }
      }
     }

     Frame Neck {
      

      FrameTransformMatrix {
       1.000000,0.000000,-0.000000,0.000000,0.000000,1.000000,0.000000,0.000000,0.000000,-0.000000,1.000000,0.000000,0.000000,-0.820141,25.134712,1.000000;;
      }

      Frame Head {
       

       FrameTransformMatrix {
        0.656303,-0.734206,-0.173805,0.000000,0.706788,0.517654,0.482167,0.000000,-0.264039,-0.439291,0.858666,0.000000,0.000000,3.399834,8.601410,1.000000;;
       }

       Frame Hair1 {
        

        FrameTransformMatrix {
         -0.000000,0.972907,-0.231196,0.000000,-1.000000,-0.000000,0.000000,0.000000,0.000000,0.231196,0.972907,0.000000,0.000208,-13.901997,21.878586,1.000000;;
        }

        Frame L_Hair1 {
         

         FrameTransformMatrix {
          -0.984026,-0.000000,-0.178024,0.000000,0.178024,-0.000000,-0.984026,0.000000,0.000000,-1.000000,0.000000,0.000000,-29.819299,20.412099,-3.263184,1.000000;;
         }
        }

        Frame R_Hair1 {
         

         FrameTransformMatrix {
          0.984026,0.000000,0.178024,0.000000,-0.178024,-0.000000,0.984026,0.000000,0.000000,-1.000000,-0.000000,0.000000,-20.378800,-21.932802,0.142059,1.000000;;
         }
        }

        Frame R_Hair2 {
         

         FrameTransformMatrix {
          0.871205,0.000000,0.490919,0.000000,-0.490919,-0.000000,0.871205,0.000000,0.000000,-1.000000,-0.000000,0.000000,-63.819098,-11.796600,-16.644379,1.000000;;
         }
        }

        Frame L_Hair2 {
         

         FrameTransformMatrix {
          -0.871205,-0.000000,-0.490919,0.000000,0.490919,-0.000000,-0.871205,0.000000,0.000000,-1.000000,0.000000,0.000000,-62.048410,13.149103,-11.377380,1.000000;;
         }
        }

        Frame Hair_Top {
         

         FrameTransformMatrix {
          0.984026,0.000000,0.178024,0.000000,0.000000,1.000000,0.000000,0.000000,-0.178024,-0.000000,0.984026,0.000000,-31.860307,-0.000000,20.072814,1.000000;;
         }
        }

        Frame Hair2 {
         

         FrameTransformMatrix {
          0.984869,-0.000000,0.173304,0.000000,0.000000,1.000000,0.000000,0.000000,-0.173304,0.000000,0.984869,0.000000,-21.111000,-0.000000,0.011169,1.000000;;
         }

         Frame Hair3 {
          

          FrameTransformMatrix {
           0.943101,-0.000000,0.332507,0.000000,0.000000,1.000000,0.000000,0.000000,-0.332507,0.000000,0.943101,0.000000,-30.601296,0.000000,-0.000015,1.000000;;
          }

          Frame Hair4 {
           

           FrameTransformMatrix {
            0.960666,0.000000,0.277705,0.000000,0.000000,1.000000,-0.000000,0.000000,-0.277705,-0.000000,0.960666,0.000000,-34.194800,-0.000001,0.000000,1.000000;;
           }
          }
         }
        }
       }
      }
     }
    }
   }
  }
 }
}

Frame Root_Lower {
 

 FrameTransformMatrix {
  0.393701,0.000000,0.000000,0.000000,0.000000,-0.000000,-0.393701,0.000000,0.000000,0.393701,-0.000000,0.000000,-0.225775,42.125590,-2.379697,1.000000;;
 }

 Frame Pelvis {
  

  FrameTransformMatrix {
   0.460495,0.887649,-0.004896,0.000000,-0.884341,0.458288,-0.088956,0.000000,-0.076718,0.045294,0.996024,0.000000,0.000000,-1.211560,-7.559517,1.000000;;
  }

  Frame Sheath {
   

   FrameTransformMatrix {
    -0.579612,0.803419,-0.136266,0.000000,-0.814096,-0.578284,0.053249,0.000000,-0.036019,0.141797,0.989240,0.000000,-13.606301,24.672699,4.003334,1.000000;;
   }
  }

  Frame Rope_Base {
   

   FrameTransformMatrix {
    1.000000,0.000000,-0.000000,0.000000,-0.000000,1.000000,0.000000,0.000000,-0.000000,-0.000000,1.000000,0.000000,-6.921520,-0.197758,-5.425064,1.000000;;
   }

   Frame L_Rope_Back1 {
    

    FrameTransformMatrix {
     -0.034290,0.207562,0.977621,0.000000,-0.528908,0.826216,-0.193968,0.000000,-0.847986,-0.523722,0.081451,0.000000,-17.640200,-3.841560,-5.312874,1.000000;;
    }

    Frame L_Rope_Back2 {
     

     FrameTransformMatrix {
      0.980798,-0.187217,0.054642,0.000000,0.187368,0.982287,0.002396,0.000000,-0.054123,0.007888,0.998503,0.000000,-34.748198,-0.000001,0.000000,1.000000;;
     }

     Frame L_Rope_Back3 {
      

      FrameTransformMatrix {
       1.000000,0.000000,0.000000,0.000000,0.000000,1.000000,-0.000000,0.000000,0.000000,-0.000000,1.000000,0.000000,-26.024499,0.000000,0.000000,1.000000;;
      }
     }
    }
   }

   Frame L_Rope_Front1 {
    

    FrameTransformMatrix {
     0.405220,0.251689,0.878891,0.000000,-0.602023,0.796953,0.049343,0.000000,-0.688015,-0.549107,0.474464,0.000000,-18.376000,3.477730,-5.036278,1.000000;;
    }

    Frame L_Rope_Front2 {
     

     FrameTransformMatrix {
      0.945483,-0.000000,0.325672,0.000000,0.000000,1.000000,0.000000,0.000000,-0.325672,0.000000,0.945483,0.000000,-33.960195,0.665503,-6.764435,1.000000;;
     }
    }
   }
  }

  Frame Gourd {
   

   FrameTransformMatrix {
    -0.814005,-0.037309,0.579658,0.000000,0.172029,-0.968650,0.179231,0.000000,0.554798,0.245613,0.794904,0.000000,11.542200,-23.662701,-12.006012,1.000000;;
   }

   Frame Gourd_Base {
    

    FrameTransformMatrix {
     1.000000,0.000000,0.000000,0.000000,0.000000,1.000000,0.000000,0.000000,-0.000000,0.000000,1.000000,0.000000,1.346458,0.126087,-18.615302,1.000000;;
    }
   }
  }

  Frame L_Hip {
   

   FrameTransformMatrix {
    0.343521,-0.720234,0.602707,0.000000,0.921750,0.135620,-0.363298,0.000000,0.179921,0.680345,0.710464,0.000000,-11.493800,-2.274071,-6.308586,1.000000;;
   }

   Frame L_KneeUpper {
    

    FrameTransformMatrix {
     1.000000,0.000000,0.000000,0.000000,0.000000,1.000000,0.000000,0.000000,0.000000,-0.000000,1.000000,0.000000,-52.919395,0.000004,0.000000,1.000000;;
    }

    Frame L_KneeLower {
     

     FrameTransformMatrix {
      0.343471,-0.000000,0.939163,0.000000,0.000000,1.000000,0.000000,0.000000,-0.939163,0.000000,0.343471,0.000000,0.000000,0.000000,0.000000,1.000000;;
     }

     Frame L_Foot {
      

      FrameTransformMatrix {
       0.834453,-0.378591,-0.400446,0.000000,0.403739,0.914577,-0.023348,0.000000,0.375078,-0.142193,0.916023,0.000000,-53.828800,0.000000,0.000003,1.000000;;
      }

      Frame L_Toe {
       

       FrameTransformMatrix {
        0.352810,-0.000119,-0.935695,0.000000,0.000000,1.000000,-0.000128,0.000000,0.935695,0.000045,0.352810,0.000000,-7.808398,-0.372398,12.608598,1.000000;;
       }
      }
     }
    }
   }
  }

  Frame R_Hip {
   

   FrameTransformMatrix {
    0.724572,0.427763,-0.540383,0.000000,0.637268,-0.714421,0.288950,0.000000,-0.262459,-0.553733,-0.790250,0.000000,11.493800,-2.274070,-6.308906,1.000000;;
   }

   Frame R_KneeUpper {
    

    FrameTransformMatrix {
     1.000000,0.000000,0.000000,0.000000,0.000000,1.000000,0.000000,0.000000,0.000000,-0.000000,1.000000,0.000000,52.919098,0.000000,0.000000,1.000000;;
    }

    Frame R_KneeLower {
     

     FrameTransformMatrix {
      0.428241,-0.000000,0.903664,0.000000,0.000000,1.000000,0.000000,0.000000,-0.903664,0.000000,0.428241,0.000000,0.000000,0.000000,0.000000,1.000000;;
     }

     Frame R_Foot {
      

      FrameTransformMatrix {
       0.913835,-0.348393,-0.208632,0.000000,0.386899,0.903018,0.186728,0.000000,0.123343,-0.251358,0.960003,0.000000,53.828794,0.000004,0.000004,1.000000;;
      }

      Frame R_Toe {
       

       FrameTransformMatrix {
        0.352820,-0.000114,-0.935691,0.000000,-0.000003,1.000000,-0.000123,0.000000,0.935691,0.000046,0.352820,0.000000,7.808429,0.372471,-12.608498,1.000000;;
       }
      }
     }
    }
   }
  }
 }
}

Frame Model {
 

 FrameTransformMatrix {
  0.393701,0.000000,0.000000,0.000000,0.000000,-0.000000,-0.393701,0.000000,0.000000,0.393701,-0.000000,0.000000,0.000000,0.000000,0.000000,1.000000;;
 }

 Mesh Model {
  6181;
  -2.338460;-51.790698;0.000000;,
  0.000000;-51.790698;-2.338460;,
  0.000000;-51.790698;2.338460;,
  2.338460;-51.790698;0.000000;,
  0.000000;29.384598;2.827080;,
  2.827080;29.384598;0.000000;,
  -2.827080;29.384598;0.000000;,
  0.000000;29.384598;-2.827080;,
  2.338460;-51.790698;0.000000;,
  2.827080;29.384598;0.000000;,
  0.000000;29.384598;2.827080;,
  0.000000;-51.790698;2.338460;,
  -2.827080;29.384598;0.000000;,
  -2.338460;-51.790698;0.000000;,
  0.000000;29.384598;-2.827080;,
  0.000000;-51.790698;-2.338460;,
  2.827080;29.384598;0.000000;,
  2.338460;-51.790698;0.000000;,
  -27.173600;-7.045810;126.733005;,
  -26.575000;-9.987970;128.224000;,
  -26.445800;-3.622400;130.087002;,
  -27.224198;-13.175201;124.831002;,
  -26.679200;-14.404400;125.132006;,
  -24.900899;-14.955600;123.774003;,
  -24.900899;-15.942501;124.057997;,
  -23.103099;-14.404400;125.132006;,
  -22.577600;-13.175201;124.831002;,
  -23.207400;-9.987970;128.224000;,
  -24.900899;-8.492450;125.064998;,
  -22.628200;-7.045810;126.733005;,
  -23.336600;-3.622400;130.087002;,
  -22.477501;1.719110;132.059994;,
  -24.317400;1.815930;133.042995;,
  -23.336600;-3.622400;130.087002;,
  -22.504699;-2.974210;129.714995;,
  -22.177099;1.809600;130.757005;,
  -22.361000;-2.244950;128.546995;,
  -23.193099;-0.572210;126.183002;,
  -23.035400;-5.868180;125.450995;,
  -24.900899;-0.697478;125.992000;,
  -22.220400;-6.512150;126.290995;,
  -24.900899;-7.856910;124.762995;,
  -24.900899;-6.355020;124.984998;,
  -26.766501;-5.868180;125.450995;,
  -26.608802;-0.572210;126.177997;,
  -27.440800;-2.244940;128.546995;,
  -27.624800;1.809600;130.726003;,
  -22.628200;-7.045810;126.733005;,
  -24.900899;-8.492450;125.064998;,
  -27.173600;-7.045810;126.733005;,
  -27.581398;-6.512150;126.290995;,
  -26.445800;-3.622400;130.087002;,
  -27.297101;-2.974210;129.714995;,
  -27.324301;1.719110;132.042010;,
  -25.465000;1.815930;133.032998;,
  -25.401101;-16.645600;132.830989;,
  -26.575000;-9.987970;128.224000;,
  -26.679200;-14.404400;125.132006;,
  -26.355499;-40.788400;118.008998;,
  -25.332099;-43.586499;125.693005;,
  -24.881501;-43.797699;126.924006;,
  -24.881501;-16.967899;134.108992;,
  -24.881501;-6.493620;136.711002;,
  -25.420901;-6.057640;135.405005;,
  -26.445800;-3.622400;130.087002;,
  -24.900899;-15.942501;124.057997;,
  -24.881501;-41.064000;117.376998;,
  -26.122901;-77.502099;107.100998;,
  -25.302200;-80.262496;114.584000;,
  -24.881501;-80.785005;115.800000;,
  -23.407499;-40.788400;118.008998;,
  -23.640101;-77.502099;107.100998;,
  -24.881501;-77.560800;106.504998;,
  -25.987800;-119.245005;92.332704;,
  -25.350800;-122.496998;99.529101;,
  -25.002501;-122.732006;100.807002;,
  -23.103099;-14.404400;125.132006;,
  -24.361901;-16.645600;132.830989;,
  -24.430800;-43.586499;125.693005;,
  -24.460699;-80.262496;114.584000;,
  -24.017099;-119.245005;92.332704;,
  -25.002501;-119.511002;91.712499;,
  -26.112400;-160.078989;76.296301;,
  -23.207400;-9.987970;128.224000;,
  -24.342101;-6.057640;135.405005;,
  -23.336600;-3.622400;130.087002;,
  -24.474400;-1.366730;136.621990;,
  -24.881501;-1.513570;137.736998;,
  -25.288602;-1.366730;136.621990;,
  -25.465000;1.815930;133.032998;,
  -24.900899;1.971190;134.207987;,
  -24.317400;1.815930;133.042995;,
  -24.654200;-122.496998;99.529101;,
  -24.527901;-160.078989;76.296301;,
  -25.320101;-160.424998;75.608102;,
  -25.320101;-164.319002;83.867398;,
  -25.038400;-163.873997;82.693805;,
  -25.020200;-168.565005;78.903699;,
  -24.983699;-171.237005;74.997901;,
  -24.911101;-172.457997;70.411795;,
  -25.601901;-163.873997;82.693805;,
  -25.320101;-169.188006;79.945702;,
  -25.320101;-172.027994;75.690003;,
  -25.320101;-173.509990;69.527098;,
  -25.729099;-172.457997;70.411795;,
  -25.620101;-168.565005;78.903699;,
  -25.656602;-171.237005;74.997901;,
  -34.108400;-19.007400;55.314202;,
  -33.942099;-16.777000;49.528000;,
  -33.780400;-12.194600;52.904598;,
  -33.095299;-13.578701;44.301299;,
  -32.116902;-1.801960;49.615299;,
  -31.992400;-4.842400;40.072301;,
  -29.629402;0.867447;37.909699;,
  -28.538998;4.807840;47.061101;,
  -24.090299;2.489450;36.692602;,
  -22.545400;6.046390;45.920202;,
  -20.129101;0.262353;36.776099;,
  -17.174000;2.971410;46.053901;,
  -15.050499;-2.822310;46.770698;,
  -18.809400;-5.224890;37.666598;,
  -16.298501;-9.995880;43.971802;,
  -14.756899;-8.702220;48.048198;,
  -18.236701;-10.784799;39.586400;,
  34.138800;11.126600;5.640910;,
  35.920701;9.939700;4.292620;,
  34.845299;4.475790;6.853970;,
  32.600899;2.704790;10.477199;,
  29.260400;4.242680;11.463200;,
  30.003299;12.528401;7.593430;,
  25.856899;12.413800;6.530050;,
  24.872000;4.113340;9.947300;,
  23.359600;5.905130;7.047080;,
  23.263398;11.216200;4.829300;,
  33.713200;-1.326180;10.118301;,
  31.607600;-1.996430;16.342600;,
  28.465600;0.075660;17.820699;,
  24.156901;-0.703213;16.249099;,
  23.293101;0.145611;10.312199;,
  32.814202;-4.989870;12.701899;,
  23.000499;-2.976060;13.340500;,
  4.298200;-32.869402;96.387802;,
  2.453060;-34.382701;97.937203;,
  -1.178150;-35.046298;100.650003;,
  4.683670;-30.559098;95.459898;,
  7.517510;-31.802301;99.365798;,
  4.943190;-34.844003;101.530995;,
  2.453060;-34.382701;97.937203;,
  -1.178150;-35.046298;100.650003;,
  0.884819;-34.726102;104.428998;,
  -4.581270;-30.792602;101.831002;,
  2.820860;-26.280501;95.264902;,
  6.844440;-25.338400;98.723296;,
  7.913300;-29.040499;98.412000;,
  7.486290;-28.780000;99.816000;,
  7.145130;-31.165702;100.540998;,
  5.170440;-33.794400;102.331002;,
  -0.714151;-24.227400;97.585798;,
  -4.011060;-26.074200;100.122003;,
  -4.581270;-30.792602;101.831002;,
  6.397030;-24.770701;100.526003;,
  12.538100;-26.238301;107.920998;,
  12.239700;-29.150000;108.982003;,
  10.458600;-31.101501;110.819994;,
  1.646060;-33.607699;104.720998;,
  5.617660;-23.460400;99.295603;,
  2.861630;-22.885901;102.308998;,
  10.938900;-22.685800;108.461005;,
  13.819101;-25.944000;107.945997;,
  13.473699;-29.561802;109.223002;,
  10.986500;-31.045600;111.414003;,
  -0.714151;-24.227400;97.585798;,
  2.222760;-22.176000;101.186995;,
  8.346050;-21.559200;110.031002;,
  8.958460;-20.667699;110.288000;,
  12.166300;-21.807101;108.446003;,
  17.546800;-24.257200;113.448000;,
  17.133101;-27.694899;114.512000;,
  15.128499;-29.725901;116.242995;,
  11.159000;-29.210198;118.938010;,
  7.740290;-30.654301;113.681997;,
  12.338200;-18.846301;115.910003;,
  16.333499;-20.285901;113.711002;,
  17.253598;-24.082198;114.071002;,
  16.863800;-27.383600;115.074995;,
  14.978400;-29.287798;116.814003;,
  15.878499;-20.302099;114.336998;,
  18.626000;-23.531400;115.976998;,
  18.488400;-27.009699;116.757005;,
  16.323798;-29.008198;118.388006;,
  12.729500;-28.735398;121.072000;,
  11.505900;-28.952899;119.153997;,
  12.314201;-19.322501;116.299008;,
  13.417900;-18.223600;118.228992;,
  17.585600;-20.048800;116.306995;,
  20.149598;-22.896200;116.300006;,
  19.400400;-26.931101;117.394995;,
  17.244600;-29.135200;119.117990;,
  13.215000;-28.755802;122.121997;,
  10.010100;-24.426501;121.757005;,
  14.592499;-17.495200;118.861005;,
  18.564899;-19.515301;116.616998;,
  20.140000;-22.299000;117.423002;,
  19.957701;-26.274000;118.399002;,
  17.673099;-28.348701;120.249997;,
  13.962400;-28.183200;122.738995;,
  10.134200;-24.241800;123.079002;,
  18.808600;-19.669600;117.691008;,
  24.431101;-20.644200;123.459994;,
  22.974600;-24.935800;122.642995;,
  19.851499;-27.577699;123.165005;,
  15.919000;-27.255802;125.089997;,
  11.255900;-23.856002;123.712998;,
  15.188099;-17.581301;119.702003;,
  23.324101;-17.138800;125.171994;,
  22.846400;-18.119699;125.415002;,
  23.684400;-20.957899;124.061990;,
  22.535000;-24.520099;123.334003;,
  19.796899;-26.740400;123.783002;,
  16.716299;-26.363501;125.200998;,
  19.690501;-15.905301;127.305997;,
  19.644101;-17.083299;127.241997;,
  14.975501;-22.967101;127.234995;,
  13.846099;-22.985099;127.276006;,
  11.853599;-20.190398;122.984000;,
  10.472299;-20.371901;121.899008;,
  16.342899;-19.445899;127.735002;,
  15.814499;-18.753402;128.104998;,
  15.188099;-17.581301;119.702003;,
  14.592499;-17.495200;118.861005;,
  13.417900;-18.223600;118.228992;,
  10.108000;-21.060400;120.411008;,
  8.804410;-24.857901;119.804006;,
  19.644101;-17.083299;127.241997;,
  19.690501;-15.905301;127.305997;,
  8.163230;-25.021499;120.054003;,
  4.222490;-26.312402;114.917005;,
  4.593720;-26.345000;113.759002;,
  7.356960;-30.732998;113.032000;,
  9.388550;-21.412202;118.749005;,
  8.850180;-20.923701;118.413005;,
  5.183140;-22.156099;113.032000;,
  5.280270;-22.975299;112.160000;,
  -0.537642;-25.049200;104.872000;,
  -1.086240;-29.490899;105.853997;,
  12.314201;-19.322501;116.299008;,
  12.338200;-18.846301;115.910003;,
  8.958460;-20.667699;110.288000;,
  8.346050;-21.559200;110.031002;,
  2.861630;-22.885901;102.308998;,
  -1.863990;-24.607299;104.168998;,
  2.222760;-22.176000;101.186995;,
  -0.714151;-24.227400;97.585798;,
  -4.011060;-26.074200;100.122003;,
  -2.596190;-30.030701;105.677005;,
  -39.043802;2.382260;142.173005;,
  -43.220198;-1.473770;144.725005;,
  -42.174998;4.055150;136.502003;,
  -47.127603;-3.657040;137.672998;,
  -49.368198;-2.093560;132.656000;,
  -44.513302;5.145980;132.298010;,
  -46.874000;5.769970;127.555994;,
  -50.547402;-0.668121;127.312000;,
  -49.209600;6.756930;122.279002;,
  -45.973402;-5.568900;145.660992;,
  -45.227798;-10.602400;143.294003;,
  -44.718899;-12.845101;133.309005;,
  -47.602602;-10.483100;129.811008;,
  -50.334099;-7.217440;125.433997;,
  -52.106800;-4.728270;120.136000;,
  -52.378102;0.977655;121.248998;,
  -52.988998;5.554560;115.824000;,
  -50.538400;8.023590;116.963994;,
  -41.626800;-15.285000;138.649997;,
  -54.752102;2.860920;114.860006;,
  -54.538797;-0.178554;114.550003;,
  -53.603299;-3.085840;114.939008;,
  4.578320;15.129899;141.667008;,
  2.107090;14.129301;143.880000;,
  2.286240;13.676301;143.641011;,
  4.785040;14.829200;141.397990;,
  4.985730;15.091501;141.229990;,
  4.914830;15.509200;141.392000;,
  5.334460;15.389101;140.947008;,
  5.215750;15.083901;141.005005;,
  2.286240;13.676301;143.641011;,
  1.688000;13.784400;142.990003;,
  4.785040;14.829200;141.397990;,
  4.321160;14.913000;140.893005;,
  4.985730;15.091501;141.229990;,
  4.548280;15.170499;140.753997;,
  5.215750;15.083901;141.005005;,
  4.790330;15.160699;140.542003;,
  5.334460;15.389101;140.947008;,
  4.909040;15.466000;140.483994;,
  1.508850;14.237400;143.229990;,
  4.085570;15.218899;141.130995;,
  1.688000;13.784400;142.990003;,
  4.321160;14.913000;140.893005;,
  4.548280;15.170499;140.753997;,
  4.450940;15.592901;140.886989;,
  4.909040;15.466000;140.483994;,
  4.790330;15.160699;140.542003;,
  4.085570;15.218899;141.130995;,
  1.508850;14.237400;143.229990;,
  2.107090;14.129301;143.880000;,
  4.578320;15.129899;141.667008;,
  4.450940;15.592901;140.886989;,
  4.914830;15.509200;141.392000;,
  4.909040;15.466000;140.483994;,
  5.334460;15.389101;140.947008;,
  -51.618000;-10.089000;55.260397;,
  -48.418899;-10.706600;55.016602;,
  -52.799600;-12.145701;56.104198;,
  -47.645501;-13.051700;55.691603;,
  -52.517798;-12.326100;59.448602;,
  -47.303600;-14.090101;59.269901;,
  -51.414502;-11.443200;61.324198;,
  -47.107398;-13.835800;61.204102;,
  -49.566602;-9.874920;61.067699;,
  -45.348598;-9.120330;63.279302;,
  -44.927501;-7.640240;52.224301;,
  -45.417402;-11.883600;56.150797;,
  -44.403098;-12.653500;59.032698;,
  -44.797101;-11.894700;61.563398;,
  -44.026099;-6.635170;60.636602;,
  -44.518902;-6.021250;62.616902;,
  -46.165901;-7.630720;52.182301;,
  -49.691398;-2.734500;53.213901;,
  -43.954800;-6.888410;54.363002;,
  -43.447699;-6.722090;57.706099;,
  -49.890701;-3.519610;53.123101;,
  -52.558899;-3.346600;54.437798;,
  -48.537898;-1.088300;56.022496;,
  -47.517101;-2.581180;58.531302;,
  -47.596598;-3.792520;59.292403;,
  -48.999901;-4.105940;59.934797;,
  -52.009798;-4.687840;54.490003;,
  -54.390496;-6.942380;55.339501;,
  -52.840698;-2.196490;57.652998;,
  -51.235200;-2.875530;60.056096;,
  -53.388099;-7.246340;55.337402;,
  -51.618000;-10.089000;55.260397;,
  -52.799600;-12.145701;56.104198;,
  -54.990598;-6.865140;58.788000;,
  -53.183898;-6.883360;61.054899;,
  -51.027302;-6.867900;61.268998;,
  -52.517798;-12.326100;59.448602;,
  -51.414502;-11.443200;61.324198;,
  -49.566602;-9.874920;61.067699;,
  -48.999901;-4.105940;59.934797;,
  -51.027302;-6.867900;61.268998;,
  -46.291002;-4.168070;66.828102;,
  -48.612301;-6.817430;67.307002;,
  -46.434800;-6.851070;72.889101;,
  -44.336301;-4.253910;72.452102;,
  -43.215699;-6.783110;80.880096;,
  -41.160000;-4.077490;80.265702;,
  -40.221699;-6.667180;89.258694;,
  -37.754902;-4.387640;88.385805;,
  -49.566602;-9.874920;61.067699;,
  -46.961299;-10.010700;66.717203;,
  -44.518902;-10.030300;72.085197;,
  -41.481200;-9.963200;80.018797;,
  -38.262400;-9.758041;88.278394;,
  -35.111302;-9.756320;96.622701;,
  -36.730800;-6.594980;97.497901;,
  -34.406301;-4.369860;96.586899;,
  -45.348598;-9.120330;63.279302;,
  -44.128502;-9.185620;65.861197;,
  -42.046198;-9.316270;71.028602;,
  -38.790598;-9.043670;78.888602;,
  -35.265299;-9.073020;87.098195;,
  -32.031398;-8.810180;95.468902;,
  -32.331402;-9.962280;104.346003;,
  -43.465501;-5.974740;65.410400;,
  -41.357299;-5.881650;71.001402;,
  -37.991600;-5.876870;79.249606;,
  -34.943901;-6.016890;87.438202;,
  -31.636198;-6.040640;95.568301;,
  -28.954400;-9.157350;103.239002;,
  -44.518902;-6.021250;62.616902;,
  -46.291002;-4.168070;66.828102;,
  -44.336301;-4.253910;72.452102;,
  -41.160000;-4.077490;80.265702;,
  -37.754902;-4.387640;88.385805;,
  -34.406301;-4.369860;96.586899;,
  -48.999901;-4.105940;59.934797;,
  -31.317398;-4.509450;104.105005;,
  -28.505802;-6.002180;103.009005;,
  -25.727301;-5.697450;109.566003;,
  -26.280501;-8.810560;110.412006;,
  -29.337299;-9.191460;111.490995;,
  -28.702800;-4.222190;110.561997;,
  -26.892598;-2.207880;113.978995;,
  -23.740101;-3.804170;114.043994;,
  -24.216998;-6.586190;115.583002;,
  -27.133600;-6.852100;117.168998;,
  -30.864499;-6.089590;111.757005;,
  -33.416899;-6.567830;105.015002;,
  -25.300501;0.797805;115.910003;,
  -22.599002;-0.423543;117.000000;,
  -23.012101;-1.894870;119.420992;,
  -25.832600;-2.393850;120.976000;,
  -28.881600;-3.769900;116.439002;,
  -28.702800;-4.222190;110.561997;,
  -31.317398;-4.509450;104.105005;,
  -27.590099;-0.523460;119.702003;,
  -25.300501;0.797805;115.910003;,
  -26.892598;-2.207880;113.978995;,
  -59.893197;-8.509980;46.384899;,
  -57.301203;-3.376760;45.543597;,
  -53.059798;-2.230360;43.745997;,
  -57.864896;-12.998700;46.143101;,
  -52.507600;-13.967499;44.693101;,
  -47.202000;-9.266820;42.714298;,
  -48.878502;-4.570980;42.651402;,
  -46.165901;-7.630720;52.182301;,
  -52.507600;-13.967499;44.693101;,
  -48.418899;-10.706600;55.016602;,
  -51.618000;-10.089000;55.260397;,
  -57.864896;-12.998700;46.143101;,
  -49.890701;-3.519610;53.123101;,
  -53.059798;-2.230360;43.745997;,
  -57.301203;-3.376760;45.543597;,
  -52.009798;-4.687840;54.490003;,
  -53.388099;-7.246340;55.337402;,
  -59.893197;-8.509980;46.384899;,
  -57.864896;-12.998700;46.143101;,
  -51.618000;-10.089000;55.260397;,
  -22.524099;-22.686899;169.574003;,
  -24.787501;-21.497699;162.516006;,
  -28.745501;-18.630400;161.526989;,
  -29.512499;-7.944360;174.520998;,
  -20.918301;-22.765400;175.349005;,
  -23.277099;-19.171000;181.516992;,
  -24.310400;-13.083700;186.570010;,
