xof 0303txt 0032
template ColorRGBA {
 <35ff44e0-6c7c-11cf-8f52-0040333594a3>
 FLOAT red;
 FLOAT green;
 FLOAT blue;
 FLOAT alpha;
}

template ColorRGB {
 <d3e16e81-7835-11cf-8f52-0040333594a3>
 FLOAT red;
 FLOAT green;
 FLOAT blue;
}

template Material {
 <3d82ab4d-62da-11cf-ab39-0020af71e433>
 ColorRGBA faceColor;
 FLOAT power;
 ColorRGB specularColor;
 ColorRGB emissiveColor;
 [...]
}

template TextureFilename {
 <a42790e1-7810-11cf-8f52-0040333594a3>
 STRING filename;
}

template Frame {
 <3d82ab46-62da-11cf-ab39-0020af71e433>
 [...]
}

template Matrix4x4 {
 <f6f23f45-7686-11cf-8f52-0040333594a3>
 array FLOAT matrix[16];
}

template FrameTransformMatrix {
 <f6f23f41-7686-11cf-8f52-0040333594a3>
 Matrix4x4 frameMatrix;
}

template Vector {
 <3d82ab5e-62da-11cf-ab39-0020af71e433>
 FLOAT x;
 FLOAT y;
 FLOAT z;
}

template MeshFace {
 <3d82ab5f-62da-11cf-ab39-0020af71e433>
 DWORD nFaceVertexIndices;
 array DWORD faceVertexIndices[nFaceVertexIndices];
}

template Mesh {
 <3d82ab44-62da-11cf-ab39-0020af71e433>
 DWORD nVertices;
 array Vector vertices[nVertices];
 DWORD nFaces;
 array MeshFace faces[nFaces];
 [...]
}

template MeshNormals {
 <f6f23f43-7686-11cf-8f52-0040333594a3>
 DWORD nNormals;
 array Vector normals[nNormals];
 DWORD nFaceNormals;
 array MeshFace faceNormals[nFaceNormals];
}

template MeshMaterialList {
 <f6f23f42-7686-11cf-8f52-0040333594a3>
 DWORD nMaterials;
 DWORD nFaceIndexes;
 array DWORD faceIndexes[nFaceIndexes];
 [Material <3d82ab4d-62da-11cf-ab39-0020af71e433>]
}

template Coords2d {
 <f6f23f44-7686-11cf-8f52-0040333594a3>
 FLOAT u;
 FLOAT v;
}

template MeshTextureCoords {
 <f6f23f40-7686-11cf-8f52-0040333594a3>
 DWORD nTextureCoords;
 array Coords2d textureCoords[nTextureCoords];
}

template XSkinMeshHeader {
 <3cf169ce-ff7c-44ab-93c0-f78f62d172e2>
 WORD nMaxSkinWeightsPerVertex;
 WORD nMaxSkinWeightsPerFace;
 WORD nBones;
}

template SkinWeights {
 <6f0d123b-bad2-4167-a0d0-80224f25fabb>
 STRING transformNodeName;
 DWORD nWeights;
 array DWORD vertexIndices[nWeights];
 array FLOAT weights[nWeights];
 Matrix4x4 matrixOffset;
}

template AnimTicksPerSecond {
 <9e415a43-7ba6-4a73-8743-b73d47e88476>
 DWORD AnimTicksPerSecond;
}

template Animation {
 <3d82ab4f-62da-11cf-ab39-0020af71e433>
 [...]
}

template AnimationSet {
 <3d82ab50-62da-11cf-ab39-0020af71e433>
 [Animation <3d82ab4f-62da-11cf-ab39-0020af71e433>]
}

template FloatKeys {
 <10dd46a9-775b-11cf-8f52-0040333594a3>
 DWORD nValues;
 array FLOAT values[nValues];
}

template TimedFloatKeys {
 <f406b180-7b3b-11cf-8f52-0040333594a3>
 DWORD time;
 FloatKeys tfkeys;
}

template AnimationKey {
 <10dd46a8-775b-11cf-8f52-0040333594a3>
 DWORD keyType;
 DWORD nKeys;
 array TimedFloatKeys keys[nKeys];
}


Material DefaultMaterial {
 1.000000;1.000000;1.000000;1.000000;;
 0.000000;
 0.000000;0.000000;0.000000;;
 0.000000;0.000000;0.000000;;

 TextureFilename {
  "Alistar.dds";
 }
}

Frame root {
 

 FrameTransformMatrix {
  0.393090,0.001645,0.021864,0.000000,0.021926,-0.029781,-0.391960,0.000000,0.000016,0.392569,-0.029827,0.000000,0.986555,28.318742,5.030472,1.000000;;
 }

 Frame spine {
  

  FrameTransformMatrix {
   0.997336,-0.043472,-0.058571,0.000000,-0.000071,0.802412,-0.596770,0.000000,0.072941,0.595184,0.800272,0.000000,0.000473,-3.012751,19.821403,1.000000;;
  }

  Frame L_shoulder {
   

   FrameTransformMatrix {
    0.995080,0.043398,0.089059,0.000000,0.072382,0.295320,-0.952653,0.000000,-0.067644,0.954412,0.290726,0.000000,-19.261998,-5.010849,26.178002,1.000000;;
   }

   Frame L_arm {
    

    FrameTransformMatrix {
     0.557238,-0.718100,-0.416915,0.000000,0.739534,0.200878,0.642447,0.000000,-0.377592,-0.666319,0.642996,0.000000,-21.088696,0.000717,0.000271,1.000000;;
    }

    Frame L_forarm {
     

     FrameTransformMatrix {
      0.622127,-0.770923,-0.136510,0.000000,0.775135,0.581988,0.245876,0.000000,-0.110104,-0.258780,0.959641,0.000000,-32.767194,0.000702,0.000271,1.000000;;
     }

     Frame L_hand {
      

      FrameTransformMatrix {
       0.992409,0.043417,0.115060,0.000000,-0.027233,0.989965,-0.138666,0.000000,-0.119926,0.134480,0.983633,0.000000,-30.094106,0.000710,0.000267,1.000000;;
      }

      Frame L_finger {
       

       FrameTransformMatrix {
        0.719543,0.178828,0.671028,0.000000,-0.121520,0.983790,-0.131872,0.000000,-0.683733,0.013344,0.729610,0.000000,-24.467693,0.000713,0.000271,1.000000;;
       }
      }
     }

     Frame L_hand_shackle {
      

      FrameTransformMatrix {
       0.475797,0.732215,0.487317,0.000000,-0.838819,0.544410,0.000989,0.000000,-0.264576,-0.409241,0.873224,0.000000,-24.761402,-0.860943,-10.078301,1.000000;;
      }

      Frame L_hand_shackle_b {
       

       FrameTransformMatrix {
        0.798783,0.578342,0.165729,0.000000,-0.594292,0.801387,0.067795,0.000000,-0.093604,-0.152645,0.983838,0.000000,-44.278893,0.000717,0.000267,1.000000;;
       }
      }
     }
    }

    Frame L_arm_Helper {
     

     FrameTransformMatrix {
      0.999765,0.013252,-0.017136,0.000000,-0.014016,0.998876,-0.045273,0.000000,0.016517,0.045503,0.998828,0.000000,0.000481,0.000702,0.000275,1.000000;;
     }
    }

    Frame L_arm_Helper1 {
     

     FrameTransformMatrix {
      1.000000,-0.000164,0.000521,0.000000,0.000181,0.999471,-0.032537,0.000000,-0.000515,0.032537,0.999471,0.000000,0.000481,0.000702,0.000275,1.000000;;
     }
    }
   }
  }

  Frame neck {
   

   FrameTransformMatrix {
    -0.000073,-0.947349,0.320205,0.000000,-0.000203,0.320205,0.947349,0.000000,-1.000000,0.000005,-0.000215,0.000000,0.000473,15.619907,37.730813,1.000000;;
   }

   Frame head {
    

    FrameTransformMatrix {
     0.676850,-0.736085,0.007297,0.000000,0.733685,0.675382,0.074602,0.000000,-0.059841,-0.045141,0.997187,0.000000,-17.376198,0.000710,0.000269,1.000000;;
    }

    Frame head_b {
     

     FrameTransformMatrix {
      0.000112,-0.000073,-1.000000,0.000000,-0.908553,0.417770,-0.000132,0.000000,0.417770,0.908553,-0.000020,0.000000,-36.512694,0.000710,0.000271,1.000000;;
     }
    }
   }
  }

  Frame R_shoulder {
   

   FrameTransformMatrix {
    -0.986700,-0.136651,0.088034,0.000000,-0.125044,0.292034,-0.948199,0.000000,0.103863,-0.946596,-0.305237,0.000000,19.262002,-5.010849,26.178010,1.000000;;
   }

   Frame R_arm {
    

    FrameTransformMatrix {
     0.675651,-0.444467,0.588172,0.000000,0.723547,0.246834,-0.644634,0.000000,0.141338,0.861117,0.488366,0.000000,-21.088699,0.000717,0.000271,1.000000;;
    }

    Frame R_forarm {
     

     FrameTransformMatrix {
      0.623255,-0.770090,0.136067,0.000000,0.774250,0.583186,-0.245826,0.000000,0.109956,0.258562,0.959716,0.000000,-32.767200,0.000717,0.000267,1.000000;;
     }

     Frame R_hand {
      

      FrameTransformMatrix {
       0.945925,-0.227329,-0.231401,0.000000,0.222192,0.973802,-0.048385,0.000000,0.236339,-0.005647,0.971654,0.000000,-30.094096,0.000713,0.000267,1.000000;;
      }

      Frame R_finger {
       

       FrameTransformMatrix {
        0.666266,0.129533,-0.734378,0.000000,-0.087673,0.991575,0.095357,0.000000,0.740543,0.000852,0.672009,0.000000,-24.468600,0.000715,0.000275,1.000000;;
       }
      }
     }

     Frame R_hand_shackle {
      

      FrameTransformMatrix {
       0.429418,0.711422,-0.556308,0.000000,-0.743157,0.628371,0.229930,0.000000,0.513145,0.314688,0.798532,0.000000,-27.331798,0.729622,14.571296,1.000000;;
      }

      Frame R_hand_shackle_b {
       

       FrameTransformMatrix {
        0.956668,-0.258505,0.134020,0.000000,0.252260,0.965675,0.061948,0.000000,-0.145433,-0.025456,0.989041,0.000000,-22.797101,0.000710,0.000271,1.000000;;
       }
      }
     }
    }

    Frame R_arm_Helper {
     

     FrameTransformMatrix {
      0.992051,0.125770,0.004007,0.000000,-0.123936,0.982103,-0.141820,0.000000,-0.021772,0.140196,0.989884,0.000000,0.000469,0.000717,0.000275,1.000000;;
     }
    }

    Frame R_arm_Helper1 {
     

     FrameTransformMatrix {
      0.999814,-0.007805,0.017632,0.000000,0.010930,0.982720,-0.184777,0.000000,-0.015885,0.184936,0.982622,0.000000,0.000469,0.000717,0.000275,1.000000;;
     }
    }
   }
  }
 }

 Frame pelvis {
  

  FrameTransformMatrix {
   1.000000,0.000100,-0.000070,0.000000,-0.000070,0.936704,0.350122,0.000000,0.000100,-0.350122,0.936704,0.000000,0.000473,1.351408,-15.334805,1.000000;;
  }

  Frame L_thigh {
   

   FrameTransformMatrix {
    0.568092,-0.068357,0.820122,0.000000,0.111498,0.993749,0.005595,0.000000,-0.815377,0.088264,0.572162,0.000000,-9.403410,-0.197233,-0.202633,1.000000;;
   }

   Frame L_calf {
    

    FrameTransformMatrix {
     0.501502,0.858974,0.103244,0.000000,-0.825206,0.510771,-0.241139,0.000000,-0.259866,0.035734,0.964983,0.000000,-26.483398,0.000713,0.000267,1.000000;;
    }

    Frame L_foot {
     

     FrameTransformMatrix {
      0.047410,-0.962114,-0.268494,0.000000,0.909080,-0.069824,0.410729,0.000000,-0.413916,-0.263556,0.871328,0.000000,-29.759597,0.000713,0.000271,1.000000;;
     }
    }
   }
  }

  Frame R_thigh {
   

   FrameTransformMatrix {
    -0.343032,-0.427097,0.836611,0.000000,-0.259222,0.899109,0.352715,0.000000,-0.902847,-0.095875,-0.419136,0.000000,9.403391,-0.197235,-0.202641,1.000000;;
   }

   Frame R_calf {
    

    FrameTransformMatrix {
     0.342347,0.935670,-0.085557,0.000000,-0.889272,0.352068,0.291965,0.000000,0.303305,-0.023870,0.952594,0.000000,-26.483397,0.000713,0.000267,1.000000;;
    }

    Frame R_foot {
     

     FrameTransformMatrix {
      0.096613,-0.901003,0.422918,0.000000,0.958013,-0.031065,-0.285036,0.000000,0.269956,0.432699,0.860171,0.000000,-29.759597,0.000713,0.000269,1.000000;;
     }
    }
   }
  }

  Frame f_cloth {
   

   FrameTransformMatrix {
    0.135302,-0.540120,0.830641,0.000000,-0.205719,0.804766,0.556804,0.000000,-0.969213,-0.246215,-0.002227,0.000000,0.000473,17.054501,-10.918499,1.000000;;
   }
  }

  Frame b_cloth {
   

   FrameTransformMatrix {
    -0.009391,0.387684,0.921744,0.000000,-0.000098,0.921785,-0.387702,0.000000,-0.999956,-0.003731,-0.008619,0.000000,0.000473,-22.679397,2.514374,1.000000;;
   }
  }
 }
}

Frame Model {
 

 FrameTransformMatrix {
  0.393701,0.000000,0.000000,0.000000,0.000000,-0.000000,-0.393701,0.000000,0.000000,0.393701,-0.000000,0.000000,0.000000,0.000000,0.000000,1.000000;;
 }

 Mesh Model {
  4240;
  64.360198;-31.581699;53.549402;,
  64.768000;-23.999600;60.386701;,
  61.348205;-32.496800;51.618800;,
  61.922797;-21.811301;61.254701;,
  62.247699;-32.148701;48.054099;,
  62.989203;-18.359800;60.488602;,
  65.259699;-31.233600;49.984701;,
  65.834394;-20.548099;59.620602;,
  64.360198;-31.581699;53.549402;,
  64.768000;-23.999600;60.386701;,
  65.830701;-26.905699;66.670899;,
  68.842694;-25.990600;68.601504;,
  69.742202;-25.642499;65.036794;,
  66.730202;-26.557600;63.106298;,
  66.730202;-26.557600;63.106298;,
  66.322400;-34.139702;56.268902;,
  65.255994;-37.591203;57.035002;,
  68.101197;-39.779498;56.167002;,
  69.167603;-36.328000;55.400902;,
  66.322400;-34.139702;56.268902;,
  64.360198;-31.581699;53.549402;,
  65.259699;-31.233600;49.984701;,
  61.348205;-32.496800;51.618800;,
  62.247699;-32.148701;48.054099;,
  64.360198;-31.581699;53.549402;,
  66.757005;-18.108299;71.367795;,
  70.676499;-13.757000;79.740800;,
  63.190598;-17.979800;70.418701;,
  68.714304;-11.847500;82.218803;,
  63.052000;-16.372901;67.096602;,
  70.180000;-8.459581;82.323898;,
  66.618400;-16.501499;68.045798;,
  72.142195;-10.369100;79.845901;,
  66.757005;-18.108299;71.367795;,
  70.676499;-13.757000;79.740800;,
  72.933702;-18.910200;83.914003;,
  76.500198;-19.038800;84.863200;,
  76.361600;-17.431901;81.541197;,
  72.795098;-17.303400;80.592000;,
  72.795098;-17.303400;80.592000;,
  68.875699;-21.654699;72.219002;,
  67.410003;-25.042600;72.113901;,
  69.372198;-26.952099;69.635904;,
  70.837901;-23.564200;69.740998;,
  68.875699;-21.654699;72.219002;,
  66.757005;-18.108299;71.367795;,
  66.618400;-16.501499;68.045798;,
  63.190598;-17.979800;70.418701;,
  63.052000;-16.372901;67.096602;,
  66.757005;-18.108299;71.367795;,
  -68.875699;-21.654699;72.219002;,
  -66.757005;-18.108299;71.367795;,
  -66.618400;-16.501499;68.045798;,
  -70.837901;-23.564200;69.740998;,
  -76.361600;-17.431901;81.541197;,
  -72.795098;-17.303400;80.592000;,
  -70.676499;-13.757000;79.740800;,
  -72.142195;-10.369100;79.845901;,
  -66.618400;-16.501499;68.045798;,
  -66.757005;-18.108299;71.367795;,
  -63.052000;-16.372901;67.096602;,
  -69.372198;-26.952099;69.635904;,
  -76.500198;-19.038800;84.863200;,
  -70.180000;-8.459581;82.323898;,
  -63.052000;-16.372901;67.096602;,
  -63.190598;-17.979800;70.418701;,
  -67.410003;-25.042600;72.113901;,
  -72.933702;-18.910200;83.914003;,
  -68.714304;-11.847500;82.218803;,
  -63.190598;-17.979800;70.418701;,
  -66.757005;-18.108299;71.367795;,
  -68.875699;-21.654699;72.219002;,
  -72.795098;-17.303400;80.592000;,
  -70.676499;-13.757000;79.740800;,
  -66.757005;-18.108299;71.367795;,
  -1.365320;66.602304;122.475994;,
  -2.364810;66.949402;121.538995;,
  -1.794300;66.786694;123.336998;,
  -3.107820;67.242899;122.104998;,
  -2.239050;65.808403;123.795994;,
  -3.878140;66.377702;122.259008;,
  -1.858630;65.326598;122.914995;,
  -3.219230;65.799200;121.639002;,
  -1.365320;66.602304;122.475994;,
  -2.364810;66.949402;121.538995;,
  -2.730650;67.423699;120.258010;,
  -3.588600;67.866202;120.422003;,
  -4.478090;67.155501;120.159002;,
  -3.717250;66.444800;119.896000;,
  -2.730650;67.423699;120.258010;,
  -3.219230;67.090400;118.152998;,
  -2.364810;67.897901;118.977997;,
  -2.364810;67.897901;118.977997;,
  -3.107820;68.489402;118.739994;,
  -3.878140;67.933197;118.058995;,
  -2.239050;68.502502;116.521997;,
  -1.858630;67.563002;116.877005;,
  -1.365320;68.245101;118.040998;,
  0.000000;67.735904;116.410010;,
  0.000000;68.372102;117.697997;,
  -1.365320;68.245101;118.040998;,
  -1.794300;68.945600;117.508006;,
  0.000000;69.112602;117.056998;,
  0.000000;68.710899;115.960000;,
  2.239050;68.502502;116.521997;,
  1.858620;67.563002;116.877005;,
  1.365320;68.245101;118.040998;,
  0.000000;68.372102;117.697997;,
  1.365320;68.245101;118.040998;,
  1.794300;68.945600;117.508006;,
  3.107820;68.489402;118.739994;,
  3.878140;67.933197;118.058995;,
  3.219230;67.090400;118.152998;,
  2.364810;67.897901;118.977997;,
  3.717250;66.444800;119.896000;,
  2.730640;67.423699;120.258010;,
  2.364810;67.897901;118.977997;,
  2.730640;67.423699;120.258010;,
  3.588600;67.866202;120.422003;,
  4.478090;67.155501;120.159002;,
  3.878140;66.377702;122.259008;,
  3.219230;65.799200;121.639002;,
  2.364810;66.949402;121.538995;,
  1.858620;65.326598;122.914995;,
  1.365320;66.602304;122.475994;,
  2.364810;66.949402;121.538995;,
  3.107820;67.242899;122.104998;,
  1.794300;66.786694;123.336998;,
  2.239050;65.808403;123.795994;,
  1.365320;66.602304;122.475994;,
  -33.341702;42.138998;147.341990;,
  -28.477299;46.535901;146.955994;,
  -32.762000;43.599603;145.449997;,
  -32.128400;42.560502;150.574003;,
  -25.328101;45.700198;148.933005;,
  -21.105000;48.301699;147.081997;,
  -18.865901;42.696899;149.154010;,
  -22.178101;41.043802;150.921011;,
  -20.546499;37.249402;149.970995;,
  -17.573000;38.698602;147.238003;,
  -34.776298;40.657699;149.641011;,
  -36.171002;39.743600;153.320013;,
  -27.956400;42.830102;151.356992;,
  -24.243200;38.769002;153.704000;,
  -22.012899;35.458998;153.181005;,
  -24.060101;35.974400;156.728000;,
  -21.266600;33.764598;156.061005;,
  -38.718400;38.226800;152.473011;,
  -34.808202;35.164298;156.632998;,
  -33.252102;36.539200;156.648998;,
  -29.696698;39.844301;153.934003;,
  -28.437101;36.936000;156.561997;,
  -25.141099;33.829299;159.759002;,
  -21.808600;33.122602;159.880998;,
  -19.704501;31.498400;159.391002;,
  -29.494899;32.527200;159.811008;,
  -28.380000;33.537699;159.823002;,
  -25.910600;30.332198;162.350003;,
  -25.200501;30.866602;162.548006;,
  -22.623699;27.525600;167.088998;,
  -23.292901;30.828400;163.029005;,
  -21.425501;30.184499;163.621990;,
  -20.232000;29.066899;163.649997;,
  14.269400;48.412400;135.682995;,
  17.360600;47.896899;135.035994;,
  15.169899;44.888301;134.440000;,
  18.511101;43.582698;133.740006;,
  15.837400;40.643002;134.957990;,
  19.227000;40.520598;134.604006;,
  16.181802;38.232301;136.835008;,
  19.582800;37.460400;137.623987;,
  16.137101;36.578400;140.621005;,
  20.300101;46.946998;135.298010;,
  21.905800;42.881402;134.606003;,
  23.251301;40.411901;135.460006;,
  24.765200;38.232102;138.234995;,
  19.353600;36.692198;140.729997;,
  18.914301;36.953398;144.184000;,
  15.725600;37.023200;143.628992;,
  25.159402;48.224800;133.817997;,
  27.571699;44.731299;133.018995;,
  29.472499;42.201699;134.008998;,
  31.834899;40.673501;137.003008;,
  25.779899;38.017798;141.074995;,
  21.022101;37.381302;144.567987;,
  17.825400;38.698602;147.238003;,
  15.175499;38.611802;146.351002;,
  30.871901;50.639802;132.787008;,
  34.438301;47.835398;131.856998;,
  36.405699;45.735600;132.563008;,
  38.061101;44.221501;135.218995;,
  38.572499;44.346803;138.441997;,
  32.144400;40.394797;140.182003;,
  31.527101;40.465501;143.516992;,
  37.954400;53.844499;132.783002;,
  44.057098;49.636602;131.991002;,
  42.041200;46.604301;132.952998;,
  44.116000;45.269699;135.768000;,
  44.188598;45.398602;138.709005;,
  42.694598;46.855302;141.516992;,
  37.635398;45.893501;141.538995;,
  33.860499;43.354800;142.384998;,
  32.311101;43.748099;145.324992;,
  47.676701;47.485402;133.096998;,
  50.171002;46.324000;136.198003;,
  49.804598;46.450400;138.977011;,
  47.753798;47.816800;141.504000;,
  43.489101;50.916800;143.093990;,
  35.343798;48.379002;143.979994;,
  34.252499;44.996202;143.288998;,
  33.106701;46.238899;144.509005;,
  31.438000;46.909901;145.293005;,
  28.152099;46.688301;146.930995;,
  32.006301;49.721002;145.548006;,
  37.985200;53.890899;144.516006;,
  28.606899;53.048998;143.315994;,
  33.667802;55.162797;143.751002;,
  31.437901;55.838400;140.867008;,
  27.164899;53.713504;137.967002;,
  24.784501;51.167302;144.425997;,
  21.105000;48.300800;147.100006;,
  19.469699;50.584598;144.382003;,
  15.958901;48.393101;146.088000;,
  16.712099;42.830800;148.671002;,
  19.016600;42.696899;149.154010;,
  31.746301;55.816198;137.130995;,
  28.146301;52.615898;135.074010;,
  23.613400;50.948602;136.179994;,
  22.215299;51.878202;139.417011;,
  18.826701;50.899501;140.504000;,
  16.010299;51.034099;141.074010;,
  33.613398;55.387296;134.929997;,
  30.871901;50.639802;132.787008;,
  25.159402;48.224800;133.817997;,
  20.300101;46.946998;135.298010;,
  19.044400;49.857498;137.761997;,
  16.481899;50.192701;138.007002;,
  37.954400;53.844499;132.783002;,
  17.360600;47.896899;135.035994;,
  14.269400;48.412400;135.682995;,
  13.822501;50.242803;137.873997;,
  13.483499;50.942298;141.928998;,
  13.416400;49.233898;145.684992;,
  13.800499;45.703398;147.942003;,
  14.490301;41.522301;147.865997;,
  -17.360600;47.896899;135.035994;,
  -14.269400;48.412400;135.682995;,
  -15.169899;44.888301;134.440000;,
  -18.511101;43.582698;133.740006;,
  -20.300101;46.949501;135.248998;,
  -21.905800;42.881402;134.604992;,
  -25.159402;48.240301;133.514010;,
  -27.571699;44.736400;132.921011;,
  -30.871901;50.692000;131.761997;,
  -15.837400;40.643002;134.957990;,
  -19.227000;40.520598;134.604006;,
  -23.251301;40.411901;135.460006;,
  -29.472499;42.202301;133.996992;,
  -34.432301;47.969299;131.218995;,
  -37.760701;54.329498;130.445005;,
  -43.357798;50.952800;129.968000;,
  -16.181802;38.232301;136.835008;,
  -19.582800;37.460400;137.623987;,
  -24.765200;38.232102;138.234995;,
  -31.834998;40.673501;137.003008;,
  -36.304598;46.314602;132.389005;,
  -41.237203;47.957101;132.074995;,
  -47.078202;48.202899;131.496000;,
  -16.137101;36.578400;140.621005;,
  -19.353600;36.692198;140.729997;,
  -25.782000;38.017798;141.074995;,
  -32.144400;40.394797;140.182003;,
  -39.443402;44.420502;138.709005;,
  -38.833200;44.439200;135.400000;,
  -43.872800;46.176602;135.266995;,
  -49.820800;46.517200;134.869990;,
  -18.867800;36.953398;144.184000;,
  -20.934499;37.381302;144.567987;,
  -17.573000;38.698602;147.238003;,
  -15.725600;37.023200;143.628992;,
  -15.175499;38.611802;146.351002;,
  -14.490301;41.522301;147.865997;,
  -16.671800;42.830800;148.671002;,
  -18.865901;42.696899;149.154010;,
  -21.105000;48.301699;147.081997;,
  -16.144800;48.281299;146.235994;,
  -19.469699;50.587501;144.324006;,
  -24.843501;51.140202;144.076006;,
  -28.477299;46.535901;146.955994;,
  -13.800499;45.703398;147.942003;,
  -13.416400;49.233898;145.684992;,
  -16.010299;51.034198;141.072000;,
  -18.826701;50.903501;140.425997;,
  -22.215299;51.897802;139.030003;,
  -29.080701;52.894797;142.337011;,
  -32.816899;49.623501;145.752000;,
  -32.232202;46.739600;145.427008;,
  -32.762000;43.599603;145.449997;,
  -13.483499;50.942298;141.928998;,
  -13.822501;50.242803;137.873997;,
  -16.481899;50.193101;138.001011;,
  -19.044400;49.861699;137.679987;,
  -23.613400;50.973802;135.684006;,
  -27.165901;53.783795;136.576000;,
  -14.269400;48.412400;135.682995;,
  -17.360600;47.896899;135.035994;,
  -20.300101;46.949501;135.248998;,
  -25.159402;48.240301;133.514010;,
  -28.146301;52.682899;133.755994;,
  -31.746301;55.942797;134.641997;,
  -31.452400;55.947104;138.595994;,
  -33.805802;55.195002;141.970995;,
  -38.285501;53.699002;143.520000;,
  -30.871901;50.692000;131.761997;,
  -33.613398;55.518899;132.344998;,
  -37.760701;54.329498;130.445005;,
  -43.940000;50.539299;142.468006;,
  -36.152099;48.288502;144.320013;,
  -33.899798;46.072102;144.711002;,
  -35.092400;44.860698;143.514010;,
  -34.479699;43.293597;142.546995;,
  -31.536800;40.465501;143.516992;,
  -42.732800;47.470000;141.354995;,
  -38.537299;45.865600;141.925990;,
  -47.836701;47.677600;140.519002;,
  -44.075501;46.140202;138.371008;,
  -49.615798;46.463101;137.768000;,
  -25.767901;70.494400;130.548992;,
  -24.135000;68.370496;131.110003;,
  -27.014899;69.926598;129.662003;,
  -24.801301;66.951795;130.312998;,
  -28.534099;63.768301;129.899008;,
  -30.772301;66.003098;129.585997;,
  -29.708099;63.602400;131.215002;,
  -31.431402;65.280403;131.000000;,
  -23.015600;67.234400;133.636006;,
  -22.815299;65.135802;134.536998;,
  -26.873200;62.048800;131.840000;,
  -28.606099;62.490400;132.519002;,
  -23.434000;67.956499;136.455002;,
  -23.312099;66.428800;138.305997;,
  -27.080099;61.844102;138.176000;,
  -26.440901;61.472800;134.830989;,
  -28.065101;61.876205;135.063002;,
  -28.607600;62.093299;137.699994;,
  -28.996202;63.194701;140.938995;,
  -30.120598;63.137696;139.648998;,
  -24.841101;69.844998;137.809011;,
  -25.594699;69.219398;140.102003;,
  -27.944499;72.098605;138.923994;,
  -31.320198;65.306298;141.332006;,
  -32.002800;64.631699;140.207002;,
  -33.532000;66.050797;139.649997;,
  -33.265901;67.192301;140.600998;,
  -34.480701;67.106298;138.201997;,
  -26.356400;71.746003;136.882995;,
  -28.834800;73.210803;135.889997;,
  -34.515702;68.554496;138.638003;,
  -27.222301;72.804198;134.630003;,
  -28.730301;72.861901;132.063002;,
  -34.398899;69.130202;133.183002;,
  -34.957501;69.289197;136.216000;,
  -34.833200;67.727098;136.195008;,
  -26.963498;72.261702;132.056000;,
  -27.014899;69.926598;129.662003;,
  -32.840400;68.255302;130.791002;,
  -33.245398;66.798899;131.984998;,
  -34.354198;67.626298;133.770010;,
  -25.767901;70.494400;130.548992;,
  -31.431402;65.280403;131.000000;,
  -30.772301;66.003098;129.585997;,
  37.621699;57.801203;133.128000;,
  37.954400;53.844499;132.783002;,
  33.613398;55.387296;134.929997;,
  33.588502;57.781101;134.272000;,
  35.127299;61.408998;134.151987;,
  32.143299;60.335200;134.483994;,
  31.431402;65.095002;134.643994;,
  29.708099;63.421504;134.770995;,
  25.767901;70.296698;134.434995;,
  31.531200;57.564602;135.862003;,
  30.464000;59.713197;135.679987;,
  28.606099;62.317702;135.912998;,
  24.135000;68.173798;134.976000;,
  19.303699;71.668506;133.623002;,
  20.725200;74.224800;133.744000;,
  31.746301;55.816198;137.130995;,
  30.621501;57.272198;139.255002;,
  29.530800;59.229901;138.584000;,
  28.065101;61.713299;138.264998;,
  23.015600;67.033600;137.582003;,
  18.781800;70.516602;136.923994;,
  31.437901;55.838400;140.867008;,
  32.237802;57.004698;142.628992;,
  30.571600;59.195802;141.753011;,
  28.607600;61.937197;140.770010;,
  23.434000;67.766099;140.198003;,
  19.208499;71.105798;138.669005;,
  14.936699;74.196294;135.248000;,
  33.667802;55.162797;143.751002;,
  35.900602;56.924301;144.434010;,
  33.251702;59.725101;143.848998;,
  30.120598;62.988998;142.572006;,
  24.841101;69.661402;141.417011;,
  20.243099;72.551398;139.302989;,
  15.591699;76.150899;136.164992;,
  37.985200;53.890899;144.516006;,
  40.585299;56.331002;143.684006;,
  36.667501;60.542400;144.072000;,
  32.002800;64.483706;143.117005;,
  26.356400;71.563200;140.475994;,
  21.635400;74.260499;138.667994;,
  43.489101;50.916800;143.093990;,
  44.417302;55.075904;142.061005;,
  39.172499;61.235098;143.072000;,
  33.532000;65.900902;142.599002;,
  34.480701;66.952800;141.220992;,
  27.222301;72.616000;138.328998;,
  47.753798;47.816800;141.504000;,
  46.871699;54.126400;139.908006;,
  40.741402;61.749696;141.173990;,
  49.804598;46.450400;138.977011;,
  47.759299;54.016000;137.529011;,
  41.401600;62.154202;139.054989;,
  34.833200;67.568102;139.320998;,
  34.354198;67.457702;137.082995;,
  26.963498;72.065299;135.916006;,
  22.112899;75.382701;136.664998;,
  50.171002;46.324000;136.198003;,
  47.676701;47.485402;133.096998;,
  45.918800;54.872998;134.378995;,
  40.375600;62.289702;136.285005;,
  38.539798;62.078605;134.927002;,
  33.245398;66.619302;135.514995;,
  25.767901;70.296698;134.434995;,
  21.871501;75.259904;135.434010;,
  44.057098;49.636602;131.991002;,
  42.832803;56.167200;132.845990;,
  37.621699;57.801203;133.128000;,
  35.127299;61.408998;134.151987;,
  31.431402;65.095002;134.643994;,
  37.954400;53.844499;132.783002;,
  20.725200;74.224800;133.744000;,
  16.423800;78.009600;132.188992;,
  17.542101;78.517997;134.164992;,
  17.156400;77.617203;135.942003;,
  13.613901;81.971098;133.351002;,
  13.687000;76.460096;134.242995;,
  15.531299;75.772397;132.171008;,
  16.423800;78.009600;132.188992;,
  14.231400;77.402496;132.085005;,
  -37.760701;54.329498;130.445005;,
  -37.536598;58.120000;129.928000;,
  -33.613398;55.518899;132.344998;,
  -33.588502;57.946202;131.026995;,
  -31.531200;57.714099;132.921997;,
  -31.746301;55.942797;134.641997;,
  -30.621501;57.403802;136.667994;,
  -31.452400;55.947104;138.595994;,
  -32.244099;57.118099;140.339994;,
  -33.805802;55.195002;141.970995;,
  -35.127299;61.597101;130.453990;,
  -32.143299;60.516000;130.929997;,
  -30.464000;59.878099;132.439002;,
  -29.530800;59.376902;135.695002;,
  -30.571600;59.332000;139.074995;,
  -33.251702;59.848205;141.429005;,
  -35.918800;56.991098;142.616000;,
  -38.285501;53.699002;143.520000;,
  -31.431402;65.280403;131.000000;,
  -29.708099;63.602400;131.215002;,
  -28.606099;62.490400;132.519002;,
  -28.065101;61.876205;135.063002;,
  -28.607600;62.093299;137.699994;,
  -30.120598;63.137696;139.648998;,
  -32.002800;64.631699;140.207002;,
  -36.670502;60.651296;141.847002;,
  -40.783501;56.164499;142.410010;,
  -43.940000;50.539299;142.468006;,
  -44.637600;55.009299;140.848013;,
  -47.836701;47.677600;140.519002;,
  -46.854499;54.358899;138.419994;,
  -49.615798;46.463101;137.768000;,
  -33.532000;66.050797;139.649997;,
  -39.210400;61.292096;140.918003;,
  -40.782800;61.823002;138.889997;,
  -41.409200;62.301402;136.516992;,
  -47.502000;54.573600;135.688000;,
  -49.820800;46.517200;134.869990;,
  -47.078202;48.202899;131.496000;,
  -34.480701;67.106298;138.201997;,
  -34.833200;67.727098;136.195008;,
  -40.339699;62.517299;133.257997;,
  -45.444499;55.932902;132.020992;,
  -43.357798;50.952800;129.968000;,
  -42.440102;57.100301;130.276006;,
  -37.760701;54.329498;130.445005;,
  -37.536598;58.120000;129.928000;,
  -34.354198;67.626298;133.770010;,
  -38.522202;62.287002;131.453990;,
  -33.245398;66.798899;131.984998;,
  -35.127299;61.597101;130.453990;,
  -31.431402;65.280403;131.000000;,
  17.825400;38.698602;147.238003;,
  21.022101;37.381302;144.567987;,
  20.841899;36.689498;150.779994;,
  24.557101;36.392202;147.298010;,
  25.863200;34.612499;151.147994;,
  21.521600;33.490301;156.025997;,
  23.734501;31.579699;157.529011;,
  20.919202;31.429299;159.434995;,
  26.365299;34.571702;156.983987;,
  25.779899;38.017798;141.074995;,
  29.149501;37.457002;143.934003;,
  30.504000;36.302202;147.149990;,
  30.604602;34.768602;151.305997;,
  27.574400;32.692198;156.149990;,
  29.993901;33.870701;156.198003;,
  30.540099;34.864899;157.080998;,
  31.527101;40.465501;143.516992;,
  33.344202;39.654099;145.344998;,
  34.223901;38.382998;148.005005;,
  33.744499;36.513402;151.539994;,
  32.311101;43.748099;145.324992;,
  34.142701;42.443101;146.863002;,
  35.036899;40.678397;149.232998;,
  34.405398;38.226800;152.473011;,
  -20.934499;37.381302;144.567987;,
  -17.573000;38.698602;147.238003;,
  -20.546499;37.249402;149.970995;,
  -24.704398;36.473501;147.179994;,
  -25.782000;38.017798;141.074995;,
  -29.286701;37.457002;143.934003;,
  -31.536800;40.465501;143.516992;,
  -31.316000;36.302202;147.149990;,
  -34.773898;38.382998;148.005005;,
  -32.762000;43.599603;145.449997;,
  -22.012899;35.458998;153.181005;,
  -26.891898;35.208998;150.285990;,
  -25.967501;33.334800;155.095987;,
  -30.746800;33.322102;155.339008;,
  -33.613299;34.831798;151.215002;,
  -37.965200;36.513402;151.539994;,
  -34.776298;40.657699;149.641011;,
  -33.341702;42.138998;147.341990;,
  -21.266600;33.764598;156.061005;,
  -23.258499;31.182502;158.682010;,
  -26.831200;31.173101;158.860006;,
  -28.964301;31.761101;159.242995;,
  -33.959302;34.122003;155.860006;,
  -34.808202;35.164298;156.632998;,
  -38.718400;38.226800;152.473011;,
  -19.704501;31.498400;159.391002;,
  -22.200600;29.107600;162.665997;,
  -24.301600;29.338099;162.201997;,
  -25.561800;29.833901;162.093005;,
  -25.910600;30.332198;162.350003;,
  -29.494899;32.527200;159.811008;,
  -20.232000;29.066899;163.649997;,
  -22.623699;27.525600;167.088998;,
  12.185400;10.123999;159.567002;,
  9.651330;19.761400;156.117005;,
  8.120820;16.406499;161.498995;,
  14.144600;10.121801;158.167002;,
  19.510099;9.725119;153.349005;,
  14.878701;18.992000;150.964992;,
  8.332220;26.661899;153.807002;,
  5.355960;25.210501;157.169997;,
  5.232630;32.997798;151.229005;,
  7.175030;31.609101;149.526989;,
  14.877600;2.873480;160.531994;,
  16.982299;1.040940;159.144998;,
  22.885400;-1.034540;154.906995;,
  27.343699;-1.644520;150.451994;,
  25.745501;4.980310;146.178995;,
  19.706000;13.098300;142.872000;,
  12.612800;-6.378740;160.973005;,
  19.559499;-7.907850;158.367002;,
  23.211000;-9.318160;155.720000;,
  28.857901;-10.809600;150.998989;,
  30.193501;-1.807020;145.911002;,
  28.059200;3.161930;141.039987;,
  20.163499;-16.657899;156.005005;,
  26.908099;-17.768101;150.880000;,
  31.493699;-17.984899;147.215002;,
  32.692403;-11.075499;147.315994;,
  32.317699;-1.493270;141.276992;,
  12.435400;-16.056200;159.522995;,
  11.048600;-23.580200;155.332992;,
  18.568099;-24.345101;151.536998;,
  24.494800;-25.743099;146.710003;,
  29.096902;-25.867600;142.166003;,
  33.011200;-20.601400;140.755994;,
  35.893501;-16.692600;143.648000;,
  36.391898;-11.016700;142.654003;,
  9.661190;-29.995702;148.168000;,
  16.080099;-30.092499;144.718989;,
  23.035101;-30.555600;140.777997;,
  25.328800;-29.359101;135.869990;,
  28.712800;-27.301002;135.429005;,
  33.349802;-25.841899;134.264998;,
  8.906480;-34.968202;140.151987;,
  15.026701;-34.529498;137.555994;,
  21.023899;-33.052301;132.779994;,
  25.103301;-31.314899;133.631002;,
  28.704998;-30.869501;133.091008;,
  32.463299;-30.870099;131.151002;,
  35.098800;-29.020499;128.879002;,
  7.581950;-36.884400;134.022003;,
  12.054401;-37.350301;129.169997;,
  17.779499;-35.986400;128.448000;,
  24.306200;-36.933699;126.621005;,
  27.280400;-37.434400;121.840000;,
  35.791302;-31.899901;123.262003;,
  38.290902;-28.454301;125.148006;,
  6.173820;-37.453098;127.718003;,
  4.011660;-37.054400;120.879002;,
  11.178701;-37.407398;121.021005;,
  16.805901;-37.539600;121.163008;,
  23.525200;-38.757402;119.806003;,
  22.865901;-37.826698;114.113997;,
  33.626301;-33.397398;116.990003;,
  37.522400;-27.536099;118.069005;,
  40.712502;-25.745200;122.072000;,
  9.412550;-35.613802;112.327002;,
  14.830600;-36.664902;115.509005;,
  3.819900;-34.970403;112.109005;,
  0.000000;-31.743002;105.338995;,
  9.187190;-34.517898;104.978995;,
  16.671400;-38.102198;109.851994;,
  21.552099;-35.395101;106.089997;,
  30.347699;-32.172400;109.164006;,
  35.334400;-26.426901;114.533990;,
  0.000000;-33.913101;112.083994;,
  20.128299;-31.251498;100.572000;,
  27.071699;-29.364701;103.028000;,
  30.405600;-23.772800;103.928998;,
  33.556198;-25.857000;110.372006;,
  33.385898;-24.852400;113.152000;,
  31.234198;-20.059299;111.681997;,
  32.141997;-20.540600;112.048000;,
  9.139890;-30.781501;100.471002;,
  17.037099;-25.957600;94.644096;,
  22.842899;-23.767099;97.260698;,
  26.427701;-18.856899;98.057901;,
  30.084198;-18.164400;105.117997;,
  18.030899;-19.491800;92.144000;,
  19.678699;-14.855699;91.056198;,
  26.716200;-13.604901;99.012902;,
  27.287002;-13.318700;107.352998;,
  29.762099;-14.071800;110.589990;,
  31.006899;-14.713400;112.625997;,
  19.854200;-11.196999;90.908698;,
  19.395200;-8.949230;91.255098;,
  24.916000;-10.625500;101.908998;,
  19.495800;12.088101;137.317005;,
  14.443301;22.513398;139.604006;,
  12.066399;25.942101;147.768000;,
  10.602600;29.726400;146.431002;,
  12.593600;19.902099;134.768998;,
  9.502980;24.845400;133.120998;,
  12.120700;25.589400;138.585997;,
  11.624900;28.078198;138.332992;,
  9.372280;27.297200;132.117005;,
  -9.651330;19.761400;156.076992;,
  -12.185400;10.123999;159.595994;,
  -8.134090;16.292802;160.423002;,
  -14.144600;10.121801;158.167002;,
  -14.870800;2.856980;160.539994;,
  -16.982299;1.040940;159.144998;,
  -12.634600;-6.385080;160.968998;,
  -19.559499;-7.907850;158.367002;,
  -20.163499;-16.657899;156.005005;,
  -12.435400;-16.056200;159.522995;,
  -19.510099;9.725119;153.349005;,
  -22.885400;-1.034540;154.906995;,
  -23.211000;-9.318160;155.720000;,
  -26.908099;-17.768101;150.880000;,
  -18.568099;-24.345101;151.536998;,
  -11.048600;-23.580200;155.332992;,
  -14.878701;18.992000;150.964992;,
  -19.706000;13.098300;142.872000;,
  -25.745501;4.980310;146.178995;,
  -27.343699;-1.644520;150.451994;,
  -28.857901;-10.809600;150.998989;,
  -8.332220;26.661899;153.804992;,
  -12.066399;25.942101;147.768000;,
  -14.443301;22.513398;139.604006;,
  -19.495800;12.088101;137.317005;,
  -28.059200;3.161930;141.039987;,
  -30.193501;-1.807020;145.911002;,
  -5.377970;25.210501;156.968998;,
  -5.271890;32.997798;151.229005;,
  -7.175030;31.609101;149.526989;,
  -10.602600;29.726400;146.431002;,
  -12.120700;25.589400;138.585997;,
  -9.502980;24.845400;133.120998;,
  -12.593600;19.902099;134.768998;,
  -11.624900;28.078198;138.332992;,
  -9.372280;27.297200;132.117005;,
  -32.317699;-1.493270;141.276992;,
  -32.692403;-11.075499;147.315994;,
  -31.493699;-17.984899;147.215002;,
  -24.494800;-25.743099;146.710003;,
  -36.391898;-11.016700;142.654003;,
  -35.893501;-16.692600;143.648000;,
  -33.011200;-20.601400;140.755994;,
  -29.096902;-25.867600;142.166003;,
  -23.035101;-30.555600;140.777997;,
  -16.080099;-30.092499;144.718989;,
  -9.661190;-29.995702;148.168000;,
  -33.349802;-25.841899;134.264998;,
  -28.712800;-27.301002;135.429005;,
  -25.328800;-29.359101;135.869990;,
  -21.023899;-33.052301;132.779994;,
  -15.026701;-34.529498;137.555994;,
  -8.906480;-34.968202;140.151987;,
  -32.463299;-30.870099;131.151002;,
  -28.704998;-30.869501;133.091008;,
  -25.103301;-31.314899;133.631002;,
  -24.306200;-36.933699;126.621005;,
  -17.779499;-35.986400;128.448000;,
  -35.098800;-29.020499;128.879002;,
  -35.791302;-31.899901;123.262003;,
  -27.280400;-37.434400;121.840000;,
  -38.290902;-28.454301;125.148006;,
  -37.522400;-27.536099;118.069005;,
  -33.626301;-33.397398;116.990003;,
  -22.865901;-37.826698;114.113997;,
  -23.525200;-38.757402;119.806003;,
  -16.805901;-37.539600;121.163008;,
  -12.054401;-37.350301;129.169997;,
  -40.712502;-25.745200;122.072000;,
  -14.830600;-36.664902;115.509005;,
  -11.178701;-37.407398;121.021005;,
  -4.011660;-37.054400;120.879002;,
  -6.173820;-37.453098;127.718003;,
  -7.581950;-36.884400;134.022003;,
  -16.671400;-38.102198;109.851994;,
  -9.412550;-35.613802;112.327002;,
  -3.819900;-34.970403;112.109005;,
  0.000000;-33.913101;112.083994;,
  0.000000;-31.743002;105.338995;,
  -21.552099;-35.395101;106.089997;,
  -9.187190;-34.517898;104.978995;,
  -30.347699;-32.172400;109.164006;,
  -27.071699;-29.364701;103.028000;,
  -20.128299;-31.251498;100.572000;,
  -9.139890;-30.781501;100.471002;,
  -35.334400;-26.426901;114.533990;,
  -33.556198;-25.857000;110.372006;,
  -30.405600;-23.772800;103.928998;,
  -22.842899;-23.767099;97.260698;,
  -17.037099;-25.957600;94.644096;,
  -33.385898;-24.852400;113.152000;,
  -31.234198;-20.059299;111.681997;,
  -30.084198;-18.164400;105.117997;,
  -26.427701;-18.856899;98.057901;,
  -18.030899;-19.491800;92.144000;,
  -32.141997;-20.540600;112.048000;,
  -31.006899;-14.713400;112.625997;,
  -29.762099;-14.071800;110.589990;,
  -27.287002;-13.318700;107.352998;,
  -26.716200;-13.604901;99.012902;,
  -19.678699;-14.855699;91.056198;,
  -24.916000;-10.625500;101.908998;,
  -19.395200;-8.949230;91.255098;,
  -19.854200;-11.196999;90.908698;,
  12.612800;-6.378740;160.973005;,
  14.877600;2.873480;160.531994;,
  12.061700;-3.435520;166.328998;,
  12.833000;1.404490;166.091008;,
  11.757000;-4.286040;172.098995;,
  10.122600;3.513830;167.918003;,
  7.445150;-0.592599;167.599002;,
  12.061700;-3.435520;166.328998;,
  4.786920;-0.420721;163.255002;,
  12.612800;-6.378740;160.973005;,
  12.185400;10.123999;159.567002;,
  7.906000;7.061030;164.855002;,
  8.424780;2.888060;167.349005;,
  -14.870800;2.856980;160.539994;,
  -12.634600;-6.385080;160.968998;,
  -10.852400;-1.312590;167.272998;,
  -13.026100;3.316700;167.054003;,
  -12.185400;10.123999;159.595994;,
  -10.054100;3.112210;171.478003;,
  -7.832500;7.214480;165.538995;,
  -7.090340;4.627530;167.516006;,
  -7.648160;1.552540;168.274995;,
  -6.157630;-0.821057;163.009997;,
  -12.425201;0.403064;173.516992;,
  -10.852400;-1.312590;167.272998;,
  -12.634600;-6.385080;160.968998;,
  7.103320;-24.687299;156.876006;,
  9.933430;-21.707099;158.164006;,
  6.441300;-25.965800;159.215002;,
  7.794770;-24.687200;162.872998;,
  4.133190;-23.226000;162.385997;,
  8.982761;-19.399299;165.407002;,
  4.376090;-16.856899;164.368998;,
  8.606419;-13.890099;164.310003;,
  12.435400;-16.056200;159.522995;,
  12.612800;-6.378740;160.973005;,
  12.435400;-16.056200;159.522995;,
  9.933430;-21.707099;158.164006;,
  11.048600;-23.580200;155.332992;,
  7.103320;-24.687299;156.876006;,
  5.851730;-30.462800;152.608998;,
  9.661190;-29.995702;148.168000;,
  0.000000;-35.722301;151.811008;,
  0.000000;-38.673402;146.736998;,
  8.906480;-34.968202;140.151987;,
  0.000000;-40.287798;139.837005;,
  7.581950;-36.884400;134.022003;,
  4.107110;-30.950198;155.207002;,
  0.000000;-38.353299;153.122995;,
  -2.925860;-30.950198;155.207002;,
  -5.851730;-30.462800;152.608998;,
  -9.661190;-29.995702;148.168000;,
  -8.906480;-34.968202;140.151987;,
  -7.581950;-36.884400;134.022003;,
  0.000000;-42.352198;135.365005;,
  0.000000;-41.352701;127.384998;,
  6.173820;-37.453098;127.718003;,
  -7.103320;-27.465101;156.876006;,
  -11.048600;-23.580200;155.332992;,
  -2.806570;-25.366501;159.195008;,
  -9.933430;-21.707099;158.164006;,
  -4.161930;-28.743600;160.313997;,
  -6.173820;-37.453098;127.718003;,
  0.000000;-40.797002;120.092006;,
  4.011660;-37.054400;120.879002;,
  0.000000;-33.913101;112.083994;,
  -4.011660;-37.054400;120.879002;,
  -9.933430;-21.707099;158.164006;,
