xof 0303txt 0032
template ColorRGBA {
 <35ff44e0-6c7c-11cf-8f52-0040333594a3>
 FLOAT red;
 FLOAT green;
 FLOAT blue;
 FLOAT alpha;
}

template ColorRGB {
 <d3e16e81-7835-11cf-8f52-0040333594a3>
 FLOAT red;
 FLOAT green;
 FLOAT blue;
}

template Material {
 <3d82ab4d-62da-11cf-ab39-0020af71e433>
 ColorRGBA faceColor;
 FLOAT power;
 ColorRGB specularColor;
 ColorRGB emissiveColor;
 [...]
}

template TextureFilename {
 <a42790e1-7810-11cf-8f52-0040333594a3>
 STRING filename;
}

template Frame {
 <3d82ab46-62da-11cf-ab39-0020af71e433>
 [...]
}

template Matrix4x4 {
 <f6f23f45-7686-11cf-8f52-0040333594a3>
 array FLOAT matrix[16];
}

template FrameTransformMatrix {
 <f6f23f41-7686-11cf-8f52-0040333594a3>
 Matrix4x4 frameMatrix;
}

template Vector {
 <3d82ab5e-62da-11cf-ab39-0020af71e433>
 FLOAT x;
 FLOAT y;
 FLOAT z;
}

template MeshFace {
 <3d82ab5f-62da-11cf-ab39-0020af71e433>
 DWORD nFaceVertexIndices;
 array DWORD faceVertexIndices[nFaceVertexIndices];
}

template Mesh {
 <3d82ab44-62da-11cf-ab39-0020af71e433>
 DWORD nVertices;
 array Vector vertices[nVertices];
 DWORD nFaces;
 array MeshFace faces[nFaces];
 [...]
}

template MeshNormals {
 <f6f23f43-7686-11cf-8f52-0040333594a3>
 DWORD nNormals;
 array Vector normals[nNormals];
 DWORD nFaceNormals;
 array MeshFace faceNormals[nFaceNormals];
}

template MeshMaterialList {
 <f6f23f42-7686-11cf-8f52-0040333594a3>
 DWORD nMaterials;
 DWORD nFaceIndexes;
 array DWORD faceIndexes[nFaceIndexes];
 [Material <3d82ab4d-62da-11cf-ab39-0020af71e433>]
}

template Coords2d {
 <f6f23f44-7686-11cf-8f52-0040333594a3>
 FLOAT u;
 FLOAT v;
}

template MeshTextureCoords {
 <f6f23f40-7686-11cf-8f52-0040333594a3>
 DWORD nTextureCoords;
 array Coords2d textureCoords[nTextureCoords];
}

template XSkinMeshHeader {
 <3cf169ce-ff7c-44ab-93c0-f78f62d172e2>
 WORD nMaxSkinWeightsPerVertex;
 WORD nMaxSkinWeightsPerFace;
 WORD nBones;
}

template SkinWeights {
 <6f0d123b-bad2-4167-a0d0-80224f25fabb>
 STRING transformNodeName;
 DWORD nWeights;
 array DWORD vertexIndices[nWeights];
 array FLOAT weights[nWeights];
 Matrix4x4 matrixOffset;
}

template AnimTicksPerSecond {
 <9e415a43-7ba6-4a73-8743-b73d47e88476>
 DWORD AnimTicksPerSecond;
}

template Animation {
 <3d82ab4f-62da-11cf-ab39-0020af71e433>
 [...]
}

template AnimationSet {
 <3d82ab50-62da-11cf-ab39-0020af71e433>
 [Animation <3d82ab4f-62da-11cf-ab39-0020af71e433>]
}

template FloatKeys {
 <10dd46a9-775b-11cf-8f52-0040333594a3>
 DWORD nValues;
 array FLOAT values[nValues];
}

template TimedFloatKeys {
 <f406b180-7b3b-11cf-8f52-0040333594a3>
 DWORD time;
 FloatKeys tfkeys;
}

template AnimationKey {
 <10dd46a8-775b-11cf-8f52-0040333594a3>
 DWORD keyType;
 DWORD nKeys;
 array TimedFloatKeys keys[nKeys];
}


Material DefaultMaterial {
 1.000000;1.000000;1.000000;1.000000;;
 0.000000;
 0.000000;0.000000;0.000000;;
 0.000000;0.000000;0.000000;;

 TextureFilename {
  "darius_base_TX_CM.dds";
 }
}

Frame Root {
 

 FrameTransformMatrix {
  0.383494,0.000000,0.089065,0.000000,0.088981,-0.017094,-0.383132,0.000000,0.003867,0.393330,-0.016651,0.000000,0.010997,46.809840,-2.995114,1.000000;;
 }

 Frame Pelvis {
  

  FrameTransformMatrix {
   0.974075,0.226011,0.009822,0.000000,-0.226225,0.973157,0.042293,0.000000,0.000000,-0.043418,0.999057,0.000000,1.863490,-8.059580,-2.194138,1.000000;;
  }

  Frame L_Hip {
   

   FrameTransformMatrix {
    0.282114,-0.303971,0.909953,0.000000,0.941537,0.269803,-0.201778,0.000000,-0.184174,0.913678,0.362315,0.000000,-13.288299,-1.464910,-6.666008,1.000000;;
   }

   Frame L_Knee {
    

    FrameTransformMatrix {
     0.912602,-0.000000,0.408848,0.000000,0.000000,1.000000,0.000000,0.000000,-0.408848,0.000000,0.912603,0.000000,-48.853398,0.000000,0.000004,1.000000;;
    }

    Frame L_Foot {
     

     FrameTransformMatrix {
      0.993051,-0.072775,0.092487,0.000000,0.086861,0.983487,-0.158774,0.000000,-0.079405,0.165704,0.982974,0.000000,-50.606102,0.000000,-0.000002,1.000000;;
     }

     Frame L_Toe {
      

      FrameTransformMatrix {
       1.000000,-0.000000,0.000003,0.000000,0.000000,1.000000,-0.000000,0.000000,-0.000003,0.000000,1.000000,0.000000,-8.210900,-0.000004,17.522000,1.000000;;
      }
     }
    }
   }
  }

  Frame front_cloth_1 {
   

   FrameTransformMatrix {
    -0.047539,-0.161339,0.985754,0.000000,0.987544,-0.155779,0.022129,0.000000,0.149989,0.974527,0.166735,0.000000,-0.000000,15.312702,-4.078285,1.000000;;
   }

   Frame front_cloth_2 {
    

    FrameTransformMatrix {
     0.984630,0.045115,0.168725,0.000000,-0.044467,0.998982,-0.007620,0.000000,-0.168897,-0.000000,0.985634,0.000000,-13.365692,0.000000,-0.000004,1.000000;;
    }

    Frame front_cloth_3 {
     

     FrameTransformMatrix {
      0.999884,0.000000,0.015243,0.000000,0.000000,1.000000,-0.000000,0.000000,-0.015243,-0.000000,0.999884,0.000000,-18.344696,0.000000,0.000002,1.000000;;
     }

     Frame front_cloth_4 {
      

      FrameTransformMatrix {
       0.999867,-0.000000,0.016319,0.000000,-0.000000,1.000000,0.000000,0.000000,-0.016319,-0.000000,0.999867,0.000000,-19.812206,-0.000000,0.000000,1.000000;;
      }

      Frame front_cloth_5 {
       

       FrameTransformMatrix {
        1.000000,-0.000000,-0.000000,0.000000,0.000000,1.000000,0.000000,0.000000,0.000000,-0.000000,1.000000,0.000000,-18.945099,0.000000,0.000002,1.000000;;
       }
      }
     }
    }
   }
  }

  Frame R_Hip {
   

   FrameTransformMatrix {
    0.130979,-0.085774,-0.987668,0.000000,0.725447,-0.670725,0.154454,0.000000,-0.675701,-0.736730,-0.025626,0.000000,13.288299,-1.464880,-6.665573,1.000000;;
   }

   Frame R_Knee {
    

    FrameTransformMatrix {
     0.903709,0.000000,0.428147,0.000000,0.000000,1.000000,-0.000000,0.000000,-0.428147,-0.000000,0.903709,0.000000,48.853898,0.000000,-0.000001,1.000000;;
    }

    Frame R_Foot {
     

     FrameTransformMatrix {
      0.955208,-0.099476,-0.278714,0.000000,0.077084,0.992935,-0.090209,0.000000,0.285719,0.064684,0.956128,0.000000,50.606208,0.000000,0.000000,1.000000;;
     }

     Frame R_Toe {
      

      FrameTransformMatrix {
       0.998610,0.044863,0.027659,0.000000,-0.047293,0.994395,0.094563,0.000000,-0.023261,-0.095739,0.995135,0.000000,8.606998,2.045940,-17.209800,1.000000;;
      }
     }
    }
   }
  }
 }

 Frame Spine {
  

  FrameTransformMatrix {
   0.999687,0.025038,0.000000,0.000000,-0.024991,0.997814,0.061186,0.000000,0.001532,-0.061167,0.998126,0.000000,0.000000,-3.580000,8.214203,1.000000;;
  }

  Frame Chest {
   

   FrameTransformMatrix {
    0.999778,0.021069,0.000852,0.000000,-0.021085,0.998446,0.051595,0.000000,0.000236,-0.051602,0.998668,0.000000,-0.000000,-3.506950,17.220702,1.000000;;
   }

   Frame Head {
    

    FrameTransformMatrix {
     0.994992,0.077552,-0.063063,0.000000,-0.066156,0.983880,0.166143,0.000000,0.074931,-0.161139,0.984083,0.000000,0.565238,1.266009,39.996291,1.000000;;
    }

    Frame C_BuffBone_Glb_Head_Loc {
     

     FrameTransformMatrix {
      1.000000,-0.000000,-0.000000,0.000000,-0.000000,1.000000,0.000000,0.000000,-0.000000,0.000000,1.000000,0.000000,0.000000,8.278156,8.130249,1.000000;;
     }
    }

    Frame Jaw {
     

     FrameTransformMatrix {
      -1.000000,0.000000,0.000000,0.000000,0.000000,-1.000000,-0.000000,0.000000,0.000000,-0.000000,1.000000,0.000000,0.000000,5.501457,3.381760,1.000000;;
     }
    }
   }

   Frame Backpack_Bot {
    

    FrameTransformMatrix {
     0.999290,0.001218,-0.037666,0.000000,0.006477,0.979055,0.203496,0.000000,0.037125,-0.203595,0.978351,0.000000,0.676430,-32.173702,37.549712,1.000000;;
    }
   }

   Frame L_Shoulder {
    

    FrameTransformMatrix {
     0.999250,0.038635,0.002604,0.000000,-0.037146,0.975389,-0.217341,0.000000,-0.010937,0.217081,0.976092,0.000000,-3.530240,-0.739203,24.973008,1.000000;;
    }

    Frame L_Shoulderpad {
     

     FrameTransformMatrix {
      0.971162,0.142037,0.191495,0.000000,-0.101629,0.973172,-0.206417,0.000000,-0.215677,0.181003,0.959542,0.000000,-34.985094,-6.269787,2.664917,1.000000;;
     }
    }

    Frame L_Scapulapad {
     

     FrameTransformMatrix {
      0.985206,0.121186,-0.121173,0.000000,-0.105350,0.985966,0.129512,0.000000,0.135167,-0.114830,0.984146,0.000000,-12.913700,-28.933398,-5.105133,1.000000;;
     }
    }

    Frame L_UpArm {
     

     FrameTransformMatrix {
      0.510178,0.197538,0.837076,0.000000,0.020833,0.970143,-0.241637,0.000000,-0.859816,0.140717,0.490831,0.000000,-19.812499,-4.283650,0.723618,1.000000;;
     }

     Frame L_ForeArm {
      

      FrameTransformMatrix {
       0.851992,-0.523555,0.000000,0.000000,0.523555,0.851992,0.000000,0.000000,0.000000,0.000000,1.000000,0.000000,-40.605894,-0.000008,-0.000015,1.000000;;
      }

      Frame L_Hand {
       

       FrameTransformMatrix {
        0.985356,-0.086216,0.147108,0.000000,0.000000,0.862750,0.505630,0.000000,-0.170511,-0.498226,0.850116,0.000000,-29.930298,0.000002,-0.000008,1.000000;;
       }

       Frame L_Thumb_1 {
        

        FrameTransformMatrix {
         0.678804,-0.278627,0.679406,0.000000,0.197081,-0.822148,-0.534072,0.000000,0.707378,0.496428,-0.503165,0.000000,-5.297172,5.463692,-4.318489,1.000000;;
        }

        Frame L_Thumb_2 {
         

         FrameTransformMatrix {
          1.000000,-0.000000,0.000000,0.000000,0.000000,1.000000,-0.000000,0.000000,0.000000,0.000000,1.000000,0.000000,-8.950950,0.000000,-0.000004,1.000000;;
         }
        }
       }

       Frame L_Index_1 {
        

        FrameTransformMatrix {
         0.886883,-0.200220,0.416354,0.000000,0.373197,0.841714,-0.390182,0.000000,-0.272329,0.501428,0.821223,0.000000,-17.003006,6.862495,-2.411392,1.000000;;
        }

        Frame L_Index_2 {
         

         FrameTransformMatrix {
          1.000000,0.000000,0.000000,0.000000,0.000000,1.000000,0.000000,0.000000,0.000000,-0.000000,1.000000,0.000000,-7.198433,-0.000004,0.000000,1.000000;;
         }
        }
       }

       Frame L_Middle_1 {
        

        FrameTransformMatrix {
         0.967983,0.002818,0.251000,0.000000,0.056424,0.971905,-0.228511,0.000000,-0.244592,0.235358,0.940628,0.000000,-17.746803,2.248142,-1.047028,1.000000;;
        }

        Frame L_Middle_2 {
         

         FrameTransformMatrix {
          1.000000,-0.000000,0.000000,0.000000,0.000000,1.000000,-0.000000,0.000000,-0.000000,0.000000,1.000000,0.000000,-7.756241,0.000000,0.000000,1.000000;;
         }
        }
       }

       Frame L_Ring_1 {
        

        FrameTransformMatrix {
         0.966103,0.225027,0.126527,0.000000,-0.219850,0.974056,-0.053675,0.000000,-0.135323,0.024039,0.990510,0.000000,-16.364701,-2.844967,-1.757446,1.000000;;
        }

        Frame L_Ring_2 {
         

         FrameTransformMatrix {
          1.000000,0.000000,0.000000,0.000000,0.000000,1.000000,-0.000000,0.000000,0.000000,-0.000000,1.000000,0.000000,-6.647453,0.000000,-0.256935,1.000000;;
         }
        }
       }

       Frame L_Pinky_1 {
        

        FrameTransformMatrix {
         0.837124,0.490958,0.241214,0.000000,-0.517304,0.853879,0.057332,0.000000,-0.177820,-0.172776,0.968777,0.000000,-14.204200,-6.605867,-1.943031,1.000000;;
        }

        Frame L_Pinky_2 {
         

         FrameTransformMatrix {
          1.000000,0.000000,-0.000000,0.000000,0.000000,1.000000,-0.000000,0.000000,-0.000000,0.000000,1.000000,0.000000,-4.576103,0.000000,-0.000004,1.000000;;
         }
        }
       }
      }
     }
    }
   }

   Frame L_Cape_1 {
    

    FrameTransformMatrix {
     0.147463,0.027968,0.988672,0.000000,-0.987538,0.059733,0.145605,0.000000,-0.054984,-0.997823,0.036428,0.000000,-21.152298,-27.710803,18.170304,1.000000;;
    }

    Frame L_Cape_2 {
     

     FrameTransformMatrix {
      0.999997,-0.000045,-0.002306,0.000000,0.000060,0.999979,0.006495,0.000000,0.002305,-0.006495,0.999976,0.000000,-28.801408,0.000000,0.000002,1.000000;;
     }

     Frame L_Cape_3 {
      

      FrameTransformMatrix {
       0.999665,0.005826,-0.025232,0.000000,-0.005869,0.999982,-0.001624,0.000000,0.025222,0.001772,0.999681,0.000000,-29.091104,0.000004,-0.000002,1.000000;;
      }

      Frame L_Cape_4 {
       

       FrameTransformMatrix {
        0.997676,0.015239,-0.066417,0.000000,-0.015536,0.999872,-0.003957,0.000000,0.066348,0.004980,0.997784,0.000000,-39.374902,-0.000004,0.000002,1.000000;;
       }
      }
     }
    }
   }

   Frame C_Cape_1 {
    

    FrameTransformMatrix {
     0.053665,-0.007606,0.998530,0.000000,-0.979709,-0.193782,0.051178,0.000000,0.193108,-0.981015,-0.017851,0.000000,0.036167,-32.067203,15.290101,1.000000;;
    }

    Frame C_Cape_2 {
     

     FrameTransformMatrix {
      0.994904,-0.001169,-0.100818,0.000000,-0.000176,0.999911,-0.013328,0.000000,0.100825,0.013278,0.994816,0.000000,-28.801392,0.000000,0.000000,1.000000;;
     }

     Frame C_Cape_3 {
      

      FrameTransformMatrix {
       1.000000,-0.000006,0.000000,0.000000,0.000006,1.000000,0.000000,0.000000,0.000000,-0.000000,1.000000,0.000000,-33.204208,0.000001,0.000002,1.000000;;
      }

      Frame C_Cape_4 {
       

       FrameTransformMatrix {
        0.998938,-0.000200,-0.046069,0.000000,0.000119,0.999999,-0.001774,0.000000,0.046069,0.001766,0.998937,0.000000,-38.053104,0.000001,-0.000002,1.000000;;
       }
      }
     }
    }
   }

   Frame R_Shoulder {
    

    FrameTransformMatrix {
     0.938947,0.042195,-0.341465,0.000000,0.098463,-0.983897,0.149169,0.000000,-0.329672,-0.173684,-0.927982,0.000000,3.530240,-0.739214,24.972794,1.000000;;
    }

    Frame R_Shoulderpad {
     

     FrameTransformMatrix {
      0.998390,-0.035239,-0.044457,0.000000,0.016823,0.932332,-0.361212,0.000000,0.054177,0.359883,0.931423,0.000000,34.198294,2.419331,-5.967010,1.000000;;
     }
    }

    Frame R_Scapulapad {
     

     FrameTransformMatrix {
      0.911932,0.163916,-0.376181,0.000000,-0.097674,0.977110,0.188984,0.000000,0.398548,-0.135598,0.907068,0.000000,9.361622,30.697091,0.118729,1.000000;;
     }
    }

    Frame R_UpArm {
     

     FrameTransformMatrix {
      0.720240,0.190945,0.666929,0.000000,0.151487,0.894883,-0.419805,0.000000,-0.676983,0.403392,0.615605,0.000000,19.812504,4.283598,-0.723984,1.000000;;
     }

     Frame R_ForeArm {
      

      FrameTransformMatrix {
       0.873798,-0.486290,0.000000,0.000000,0.486290,0.873798,0.000000,0.000000,0.000000,0.000000,1.000000,0.000000,40.605994,-0.000008,0.000061,1.000000;;
      }

      Frame R_Hand {
       

       FrameTransformMatrix {
        0.787621,0.484984,0.380058,0.000000,-0.603812,0.484652,0.632870,0.000000,0.122736,-0.727945,0.674561,0.000000,29.930502,0.000057,0.000107,1.000000;;
       }

       Frame R_Thumb_1 {
        

        FrameTransformMatrix {
         0.499692,-0.192746,0.844486,0.000000,0.194464,-0.925080,-0.326208,0.000000,0.844092,0.327225,-0.424773,0.000000,5.296913,-5.463793,4.318260,1.000000;;
        }

        Frame R_Thumb_2 {
         

         FrameTransformMatrix {
          0.998586,-0.011148,0.051983,0.000000,0.026831,0.949789,-0.311739,0.000000,-0.045897,0.312692,0.948745,0.000000,8.644112,-0.000051,0.000046,1.000000;;
         }
        }
       }

       Frame R_Index_1 {
        

        FrameTransformMatrix {
         0.944938,-0.045978,0.324005,0.000000,0.076951,0.993538,-0.083436,0.000000,-0.318075,0.103775,0.942369,0.000000,17.002803,-6.862574,2.411194,1.000000;;
        }

        Frame R_Index_2 {
         

         FrameTransformMatrix {
          1.000000,0.000000,0.000000,0.000000,0.000000,1.000000,-0.000000,0.000000,0.000000,0.000000,1.000000,0.000000,6.584564,0.000126,0.000294,1.000000;;
         }
        }
       }

       Frame R_Middle_1 {
        

        FrameTransformMatrix {
         0.731080,0.115654,0.672418,0.000000,0.056424,0.971905,-0.228511,0.000000,-0.679954,0.205001,0.704015,0.000000,17.746506,-2.248251,1.046761,1.000000;;
        }

        Frame R_Middle_2 {
         

         FrameTransformMatrix {
          0.758104,0.000000,0.652134,0.000000,0.000000,1.000000,0.000000,0.000000,-0.652134,-0.000000,0.758104,0.000000,7.277252,0.000023,0.000011,1.000000;;
         }
        }
       }

       Frame R_Ring_1 {
        

        FrameTransformMatrix {
         0.627061,0.181384,0.757558,0.000000,-0.340153,0.938652,0.056814,0.000000,-0.700778,-0.293311,0.650291,0.000000,16.364806,2.844957,1.757500,1.000000;;
        }

        Frame R_Ring_2 {
         

         FrameTransformMatrix {
          0.758104,0.000000,0.652134,0.000000,0.000000,1.000000,0.000000,0.000000,-0.652134,-0.000000,0.758104,0.000000,6.751694,0.000034,-0.000202,1.000000;;
         }
        }
       }

       Frame R_Pinky_1 {
        

        FrameTransformMatrix {
         0.387621,0.299545,0.871793,0.000000,-0.656607,0.753509,0.033041,0.000000,-0.647006,-0.585233,0.488759,0.000000,14.204398,6.605930,1.943245,1.000000;;
        }

        Frame R_Pinky_2 {
         

         FrameTransformMatrix {
          0.758104,-0.000000,0.652134,0.000000,0.000000,1.000000,-0.000000,0.000000,-0.652134,0.000000,0.758104,0.000000,4.709915,0.000000,-0.000015,1.000000;;
         }
        }
       }
      }
     }
    }
   }

   Frame R_Cape_1 {
    

    FrameTransformMatrix {
     0.010970,0.003623,-0.999933,0.000000,-0.902258,-0.431044,-0.011460,0.000000,-0.431057,0.902324,-0.001459,0.000000,21.198600,-27.659005,18.168792,1.000000;;
    }

    Frame R_Cape_2 {
     

     FrameTransformMatrix {
      0.993649,-0.020489,-0.110646,0.000000,0.020795,0.999782,0.001613,0.000000,0.110589,-0.003903,0.993859,0.000000,28.801606,0.000025,0.000011,1.000000;;
     }

     Frame R_Cape_3 {
      

      FrameTransformMatrix {
       0.999007,0.011477,-0.043040,0.000000,-0.011408,0.999933,0.001857,0.000000,0.043058,-0.001365,0.999071,0.000000,29.090410,-0.000109,-0.000061,1.000000;;
      }

      Frame R_Cape_4 {
       

       FrameTransformMatrix {
        0.982755,0.048103,-0.178549,0.000000,-0.046898,0.998840,0.010969,0.000000,0.178870,-0.002407,0.983870,0.000000,39.375110,0.000105,0.000038,1.000000;;
       }
      }
     }
    }
   }
  }
 }
}

Frame Weapon {
 

 FrameTransformMatrix {
  -0.362961,-0.137941,0.065053,0.000000,-0.101244,0.092341,-0.369084,0.000000,0.114058,-0.356995,-0.120604,0.000000,14.915354,37.332320,8.356654,1.000000;;
 }
}

Frame Model {
 

 FrameTransformMatrix {
  0.393701,0.000000,0.000000,0.000000,0.000000,-0.000000,-0.393701,0.000000,0.000000,0.393701,-0.000000,0.000000,0.000000,0.000000,0.000000,1.000000;;
 }

 Mesh Model {
  5866;
  76.937402;14.052200;121.301005;,
  77.210298;12.664100;124.141005;,
  83.255206;14.038299;118.244006;,
  68.952902;5.705860;116.096000;,
  68.980698;2.620380;118.324992;,
  66.748301;5.512310;117.182003;,
  26.299299;1.007690;190.636006;,
  24.133800;-3.757830;194.731008;,
  25.700899;-2.356720;195.115008;,
  0.000000;-18.039000;193.541005;,
  7.154290;-16.641400;195.167002;,
  2.208390;-16.517400;196.888000;,
  -34.114400;2.421690;164.113997;,
  -41.708598;0.836996;167.171994;,
  -37.612400;3.374540;167.974003;,
  5.826880;3.443820;204.723008;,
  7.255970;2.511360;205.128000;,
  6.013490;3.546380;204.570995;,
  -66.748301;5.512310;117.182003;,
  -68.980698;2.620380;118.324992;,
  -68.952902;5.705860;116.096000;,
  27.902400;-31.880899;170.864000;,
  29.710598;-30.577402;171.240998;,
  30.533702;-32.140701;154.632998;,
  26.287301;-33.256803;153.630003;,
  18.888501;-37.014099;152.648000;,
  25.675200;-32.096698;170.069005;,
  9.119310;-38.702499;150.376013;,
  9.826640;-39.591302;164.367002;,
  0.000000;-40.432998;162.951002;,
  31.070998;-33.161299;143.789990;,
  25.077299;-34.287600;140.720000;,
  11.883799;-40.132998;138.992998;,
  0.000000;-39.317299;146.361997;,
  -9.119310;-38.702499;150.376013;,
  -9.826640;-39.591302;164.367002;,
  -25.675200;-32.096698;170.069005;,
  28.535699;-37.572602;123.386995;,
  21.951400;-36.990701;121.016998;,
  8.547660;-39.853699;117.523008;,
  0.000000;-41.682301;136.115008;,
  -11.883799;-40.132998;138.992998;,
  -18.888501;-37.014099;152.648000;,
  -27.902400;-31.880899;170.864000;,
  33.799302;-33.664198;125.043994;,
  36.040902;-33.544899;108.392000;,
  29.151101;-38.555802;106.464000;,
  21.971800;-39.291901;103.724000;,
  9.578370;-40.142301;100.611002;,
  0.000000;-40.037600;116.063002;,
  -8.547660;-39.853699;117.523008;,
  38.815200;-33.766301;87.659597;,
  30.323501;-39.056301;87.265402;,
  19.722701;-40.005200;83.708198;,
  8.094580;-40.844701;81.206003;,
  0.000000;-40.747299;98.411302;,
  -9.578370;-40.142301;100.611002;,
  31.478701;-39.358102;64.112800;,
  18.047400;-40.232000;62.324800;,
  6.785130;-41.116602;60.502202;,
  0.000000;-41.367901;79.889600;,
  -8.094580;-40.844701;81.206003;,
  42.485299;-33.784800;63.681901;,
  32.192701;-38.894000;40.017798;,
  17.875602;-39.848099;39.315398;,
  6.551640;-41.033002;38.470502;,
  0.000000;-41.709901;59.275699;,
  -6.785130;-41.116602;60.502202;,
  46.715002;-33.485402;37.880698;,
  0.000000;-41.899699;37.859600;,
  -6.551640;-41.033002;38.470502;,
  -17.875602;-39.848099;39.315398;,
  -18.047400;-40.232000;62.324800;,
  -19.722701;-40.005200;83.708198;,
  -21.971800;-39.291901;103.724000;,
  -32.192701;-38.894000;40.017798;,
  -31.478701;-39.358102;64.112800;,
  -30.323501;-39.056301;87.265402;,
  -29.151101;-38.555802;106.464000;,
  -21.951400;-36.990701;121.016998;,
  -25.077299;-34.287600;140.720000;,
  -42.485299;-33.784800;63.681901;,
  -38.815200;-33.766301;87.659597;,
  -36.040902;-33.544899;108.392000;,
  -28.535699;-37.572602;123.386995;,
  -31.070998;-33.161299;143.789990;,
  -26.287301;-33.256803;153.630003;,
  -46.715002;-33.485402;37.880698;,
  -30.533702;-32.140701;154.632998;,
  -29.710598;-30.577402;171.240998;,
  -33.799302;-33.664198;125.043994;,
  9.732839;13.209100;120.632998;,
  9.890139;16.013800;105.992998;,
  3.313680;14.370600;117.480998;,
  4.283960;17.342600;104.679002;,
  -4.283960;17.342600;104.679002;,
  -3.313680;14.370600;117.480998;,
  -9.890139;16.013800;105.992998;,
  -9.732839;13.209100;120.632998;,
  10.129500;16.296000;87.177402;,
  4.389160;17.561301;86.235200;,
  -4.389160;17.561301;86.235200;,
  -10.129500;16.296000;87.177402;,
  10.543100;16.177701;67.325696;,
  4.192870;17.022000;66.506400;,
  -4.192870;17.022000;66.506400;,
  -10.543100;16.177701;67.325696;,
  11.279500;15.800800;49.258400;,
  4.191130;16.411200;48.114800;,
  -4.191130;16.411200;48.114800;,
  -11.279500;15.800800;49.258400;,
  12.002000;15.353501;32.686099;,
  5.369030;15.715701;32.710099;,
  -5.369040;15.715701;32.710099;,
  -12.002000;15.353501;32.686099;,
  27.051299;8.281340;86.692301;,
  26.182200;7.839830;88.571603;,
  30.004499;4.662580;85.996301;,
  30.219600;3.639030;86.918899;,
  25.884301;-8.928490;103.877997;,
  31.870899;-9.062250;103.037005;,
  26.579099;-7.562670;105.377997;,
  27.836000;-5.552530;105.307002;,
  28.998602;-4.154000;103.339994;,
  28.788202;-5.193020;100.396006;,
  26.907501;-7.899650;99.970598;,
  22.167901;1.168440;10.682201;,
  18.342600;-6.207290;5.689830;,
  15.220200;-4.581460;6.245930;,
  19.770901;2.968260;11.430900;,
  25.230400;2.462010;13.181800;,
  24.862101;5.459760;15.604901;,
  28.371200;2.582740;15.031400;,
  28.562499;4.274930;16.964600;,
  31.112701;-0.749739;14.131299;,
  12.718701;-8.117280;14.351901;,
  19.664600;0.274168;19.887699;,
  26.248899;1.049950;22.610099;,
  30.361101;-3.785620;21.600402;,
  33.877798;-1.340370;16.180901;,
  32.543098;-4.058960;12.890700;,
  35.319600;-7.198840;13.184900;,
  33.367402;-6.451700;11.561900;,
  10.390500;-6.929190;15.787400;,
  17.960301;1.315990;21.246299;,
  26.524499;2.571530;24.101802;,
  31.747600;-3.030270;23.477200;,
  33.066301;-10.324799;20.911899;,
  32.043597;-9.968200;19.561101;,
  10.774600;-8.627590;25.216400;,
  17.199499;-0.584564;27.546499;,
  25.064600;0.975503;30.677798;,
  28.744000;-4.451030;30.622102;,
  30.443101;-11.197800;30.017002;,
  15.291000;-1.518950;35.324298;,
  24.458099;0.516571;35.647702;,
  27.895600;-4.740270;36.393398;,
  30.438000;-10.143100;36.837898;,
  8.768070;-8.719060;35.760899;,
  14.706800;-1.439220;42.046701;,
  23.829501;0.220801;41.506998;,
  27.440701;-3.787750;42.445501;,
  30.416301;-8.178170;44.170701;,
  30.682198;-14.956800;44.580502;,
  28.488598;-18.344400;35.910000;,
  8.210350;-7.969520;44.414701;,
  15.166701;-1.439310;55.300595;,
  21.917802;-0.064995;51.965600;,
  24.991101;-2.861940;56.094701;,
  30.688899;-12.361400;49.598899;,
  23.677701;-18.773000;46.132099;,
  10.779801;-5.759820;60.136998;,
  15.076101;-0.579425;59.381805;,
  20.611299;0.662502;57.959302;,
  24.376800;-2.028870;60.301101;,
  24.857099;-8.906120;63.017504;,
  23.804701;-15.649600;52.995498;,
  11.548500;-4.779730;62.968602;,
  14.664099;1.769400;66.292198;,
  19.846600;2.950110;65.636301;,
  23.715598;-0.619156;67.043898;,
  24.358000;-7.691980;65.306803;,
  16.410499;-12.196400;66.804198;,
  21.539899;-13.558000;66.908499;,
  11.323000;-2.779380;68.606202;,
  12.361301;4.684430;73.844998;,
  20.460301;4.621060;72.731200;,
  23.851400;0.439487;72.885696;,
  24.012101;-6.504100;69.972198;,
  16.360400;-11.583700;68.436301;,
  10.664300;-0.774810;76.659302;,
  9.112920;4.637860;81.016602;,
  11.651200;7.670870;74.392800;,
  21.472800;5.416900;73.445101;,
  25.633301;1.389360;73.585600;,
  24.847400;-4.702440;74.684000;,
  16.516501;-10.333901;72.864096;,
  9.098070;0.020940;82.324205;,
  5.964390;6.227710;93.295302;,
  8.434140;8.340330;82.058797;,
  13.013100;8.558190;76.124998;,
  22.246800;6.094810;75.354106;,
  26.348101;2.061420;75.683603;,
  27.994400;-4.173800;75.117600;,
  5.216360;0.991450;94.734598;,
  3.685180;1.382910;102.476998;,
  4.942660;7.914690;104.611002;,
  5.693600;9.887610;93.675904;,
  10.689700;9.837190;82.612294;,
  16.109101;9.253940;78.556998;,
  21.534701;9.288241;81.578694;,
  24.165002;6.713770;78.793901;,
  2.383040;1.099050;105.617997;,
  3.490390;7.769860;109.276006;,
  7.995490;11.096800;111.738995;,
  5.112810;11.867300;104.348998;,
  7.907330;13.206500;102.433997;,
  8.033220;11.947200;93.917702;,
  0.000000;0.794728;106.916000;,
  0.000000;7.539590;110.902003;,
  2.670910;10.779801;116.091008;,
  6.750000;9.648390;114.117990;,
  10.803100;11.173500;115.790003;,
  9.473019;14.306699;111.135002;,
  11.904101;14.893899;107.669005;,
  -3.490390;7.769860;109.276006;,
  -2.670910;10.779801;116.091008;,
  0.000000;10.315600;115.418995;,
  -1.136180;11.743100;119.757005;,
  2.223780;11.443200;120.694003;,
  6.495760;10.740400;118.453005;,
  -2.383040;1.099050;105.617997;,
  -4.942650;7.914690;104.611002;,
  -7.995500;11.096800;111.738995;,
  -6.749980;9.648390;114.117990;,
  -6.495760;10.740400;118.453005;,
  -2.223780;11.443200;120.694003;,
  1.136180;11.743100;119.757005;,
  -3.685180;1.382910;102.476998;,
  -5.964400;6.227710;93.295302;,
  -5.693600;9.887610;93.675904;,
  -5.112820;11.867300;104.348998;,
  -9.473019;14.306699;111.135002;,
  -10.803100;11.173500;115.790003;,
  -5.216360;0.991450;94.734598;,
  -9.098070;0.020940;82.324205;,
  -9.112920;4.637860;81.016602;,
  -8.434130;8.340330;82.058797;,
  -10.689700;9.837190;82.612294;,
  -8.033200;11.947200;93.917702;,
  -7.907320;13.206500;102.433997;,
  -10.664300;-0.774810;76.659302;,
  -12.361301;4.684430;73.844998;,
  -11.651200;7.670870;74.392800;,
  -13.012999;8.558190;76.124998;,
  -16.109101;9.253940;78.556998;,
  -14.210101;10.903800;83.534400;,
  -13.038400;12.029101;87.764602;,
  -11.323000;-2.779380;68.606202;,
  -14.664099;1.769400;66.292198;,
  -20.460301;4.621060;72.731200;,
  -21.472800;5.416900;73.445101;,
  -22.246800;6.094810;75.354106;,
  -21.534701;9.288250;81.578694;,
  -11.548500;-4.779730;62.968602;,
  -15.076101;-0.579425;59.381805;,
  -19.846600;2.950110;65.636301;,
  -23.715598;-0.619156;67.043898;,
  -23.851299;0.439488;72.885696;,
  -25.633301;1.389360;73.585600;,
  -10.779801;-5.759820;60.136998;,
  -15.166701;-1.439310;55.300595;,
  -20.611299;0.662502;57.959302;,
  -24.376800;-2.028870;60.301101;,
  -24.358000;-7.691980;65.306803;,
  -24.012101;-6.504100;69.972198;,
  -24.847400;-4.702440;74.684000;,
  -8.210350;-7.969520;44.414701;,
  -14.706800;-1.439220;42.046701;,
  -21.917802;-0.064995;51.965600;,
  -24.991101;-2.861940;56.094701;,
  -24.857099;-8.906120;63.017504;,
  -16.410499;-12.196400;66.804198;,
  -16.360400;-11.583700;68.436301;,
  -8.768070;-8.719060;35.760899;,
  -15.291000;-1.518950;35.324298;,
  -23.829501;0.220801;41.506998;,
  -27.440701;-3.787750;42.445501;,
  -30.416301;-8.178170;44.170701;,
  -30.688899;-12.361400;49.598899;,
  -10.774600;-8.627590;25.216400;,
  -17.199499;-0.584564;27.546499;,
  -24.458099;0.516571;35.647702;,
  -27.895600;-4.740270;36.393398;,
  -30.438000;-10.143100;36.837898;,
  -30.682198;-14.956800;44.580502;,
  -17.960301;1.315990;21.246299;,
  -26.524499;2.571530;24.101802;,
  -25.064600;0.975503;30.677798;,
  -28.744000;-4.451030;30.622102;,
  -30.443101;-11.197800;30.017002;,
  -28.488598;-18.344400;35.910000;,
  -10.390500;-6.929190;15.787400;,
  -19.664600;0.274168;19.887699;,
  -26.248899;1.049950;22.610099;,
  -31.747600;-3.030270;23.477200;,
  -12.718701;-8.117280;14.351901;,
  -19.770901;2.968260;11.430900;,
  -24.862101;5.459760;15.604901;,
  -28.562499;4.274930;16.964600;,
  -30.361101;-3.785620;21.600402;,
  -33.066301;-10.324799;20.911899;,
  -15.220200;-4.581460;6.245930;,
  -22.167901;1.168440;10.682201;,
  -25.230400;2.462010;13.181800;,
  -28.371200;2.582740;15.031400;,
  -31.112701;-0.749739;14.131299;,
  -33.877798;-1.340370;16.180901;,
  -32.043597;-9.968200;19.561101;,
  -18.342600;-6.207290;5.689830;,
  -32.543098;-4.058960;12.890700;,
  -35.319600;-7.198840;13.184900;,
  -30.496499;-16.636699;16.344101;,
  -32.294602;-18.554701;17.594200;,
  -28.522198;-20.371299;22.189899;,
  -33.367402;-6.451700;11.561900;,
  -33.811798;-14.269200;9.256160;,
  -31.382701;-20.576400;6.724480;,
  -28.431101;-22.413200;13.094499;,
  -28.537299;-24.891800;14.187299;,
  -30.302499;-11.977500;8.080450;,
  -28.397802;-17.877600;5.639010;,
  -26.782101;-21.675699;4.345790;,
  -27.242499;-24.662400;5.510060;,
  -25.045400;-25.492099;11.118800;,
  -24.190099;-27.226400;12.188200;,
  -23.063899;-23.238002;19.802701;,
  -23.305200;-22.514099;3.602740;,
  -22.242800;-25.074301;4.302280;,
  -15.741000;-22.278798;10.193600;,
  -13.462101;-24.823699;10.942900;,
  -15.060000;-22.037202;18.653699;,
  -16.338499;-21.064899;24.823299;,
  -22.184200;-21.366400;25.750798;,
  -20.270200;-22.264200;3.958650;,
  -16.583499;-21.125499;3.615030;,
  -10.813200;-15.584200;11.516501;,
  -8.636380;-15.998600;12.643900;,
  -9.638350;-14.621200;20.272499;,
  -20.408101;-22.371000;3.301770;,
  -17.509800;-19.753800;3.175610;,
  -16.391501;-13.246300;3.639570;,
  -13.119500;-12.539699;3.608540;,
  -12.718701;-8.117280;14.351901;,
  -10.390500;-6.929190;15.787400;,
  -10.774600;-8.627590;25.216400;,
  -10.723400;-14.896600;25.025800;,
  -18.342600;-6.207290;5.689830;,
  -15.220200;-4.581460;6.245930;,
  28.183101;15.160400;1.441040;,
  31.947101;16.956899;1.226780;,
  34.393200;15.068000;1.093660;,
  37.030899;10.474800;0.980250;,
  38.462301;7.640670;1.139720;,
  24.872000;11.941800;1.472010;,
  22.291099;5.000460;1.200970;,
  35.918400;-1.001220;2.052890;,
  22.185200;0.771860;1.342440;,
  33.270598;-3.722800;1.928370;,
  21.242000;-4.384550;1.415750;,
  30.195901;-11.717301;1.131750;,
  19.013299;-7.616690;1.274960;,
  28.760301;-16.391198;0.674442;,
  16.907000;-12.983600;0.926910;,
  18.570800;-18.765899;0.849405;,
  26.959200;-18.740400;0.614836;,
  23.815800;-20.680501;0.735371;,
  20.748400;-20.751899;0.978368;,
  29.669299;4.268110;83.225101;,
  28.117299;5.334070;80.491994;,
  30.378400;11.010100;81.527898;,
  29.548701;5.494320;85.650202;,
  27.333402;8.024330;85.929606;,
  25.287202;9.636260;84.567296;,
  24.890800;9.119240;82.262099;,
  25.636800;7.468610;80.173498;,
  28.117299;5.334070;80.491994;,
  25.884301;-8.928490;103.877997;,
  25.962000;-9.324819;101.692000;,
  31.870899;-9.062250;103.037005;,
  26.907501;-7.899650;99.970598;,
  27.275402;7.456440;112.766003;,
  26.693301;9.005760;111.096000;,
  28.844602;12.374900;114.801997;,
  26.921802;6.904130;114.392000;,
  25.152398;7.905110;116.577997;,
  23.249301;9.971530;116.863002;,
  22.657200;11.213700;115.419994;,
  23.160299;11.567400;112.841997;,
  25.010099;10.603599;110.768998;,
  26.693301;9.005760;111.096000;,
  17.750000;15.845000;97.242502;,
  16.978400;16.149099;94.919405;,
  15.085499;21.438802;95.823302;,
  16.659299;16.438400;99.091200;,
  14.492301;16.896798;99.254701;,
  12.940600;16.995002;98.302803;,
  12.684900;16.818701;95.850195;,
  14.226600;16.503901;94.256102;,
  16.978400;16.149099;94.919405;,
  30.428301;8.414950;9.418250;,
  31.079299;10.185200;10.708600;,
  29.625299;9.806740;8.350960;,
  31.576301;10.136300;8.300210;,
  31.605101;8.251790;9.059640;,
  30.428301;8.414950;9.418250;,
  28.537002;6.046590;11.233499;,
  28.550400;4.797500;12.408900;,
  29.672701;6.188890;13.954000;,
  30.264202;6.082810;11.339300;,
  30.094899;4.412530;12.329900;,
  28.550400;4.797500;12.408900;,
  0.000000;15.239800;111.266995;,
  3.118470;14.637101;115.104998;,
  5.388000;13.149100;118.865997;,
  6.169960;11.088500;121.723994;,
  9.196299;10.478000;119.552998;,
  9.992790;10.171200;123.289997;,
  12.109400;10.226499;121.009997;,
  13.306600;10.399300;118.454003;,
  12.448399;14.389200;114.468006;,
  14.617400;14.870600;110.289997;,
  13.010700;7.595750;124.648000;,
  14.829701;8.060220;122.305997;,
  15.890099;7.972360;119.986995;,
  16.279400;8.713270;120.725005;,
  16.166200;13.170700;117.256000;,
  18.437800;12.650400;114.321997;,
  18.675699;1.837740;125.228992;,
  18.811600;1.626390;122.951002;,
  17.990499;0.977109;119.882010;,
  19.623400;1.392030;121.516992;,
  19.699101;10.268500;119.994010;,
  20.420000;11.508799;116.285005;,
  20.938499;11.760199;111.518003;,
  16.134899;-5.629110;124.424000;,
  17.219699;-5.877440;121.368998;,
  18.075800;-5.698890;118.808000;,
  21.893000;-6.493630;118.728998;,
  24.039699;0.618995;122.256998;,
  24.181600;6.651200;118.189005;,
  21.224101;10.082300;118.291994;,
  12.520500;-11.256500;124.200000;,
  11.791900;-14.032699;120.625997;,
  14.522101;-12.935900;117.214003;,
  16.348301;-9.804660;115.025997;,
  16.420000;-13.863200;111.336000;,
  23.593398;-5.667790;116.205005;,
  25.379499;0.201304;119.116992;,
  4.999260;-15.465499;124.469005;,
  4.760520;-17.423099;121.952000;,
  8.160740;-17.182600;116.679002;,
  12.521900;-15.002099;114.207002;,
  14.863901;-13.297100;111.938010;,
  12.698700;-14.238499;105.388998;,
  18.486000;-13.279101;109.335002;,
  0.000000;-16.169202;124.282995;,
  0.000000;-17.399598;121.989005;,
  4.080570;-17.991000;117.754995;,
  4.235790;-16.062200;110.031002;,
  8.537760;-15.074400;108.075994;,
  11.719401;-13.977701;106.103994;,
  -4.760520;-17.423099;121.952000;,
  -4.080570;-17.991000;117.754995;,
  0.000000;-17.260598;117.588992;,
  1.906670;-15.548000;110.248000;,
  2.426780;-8.732890;107.224998;,
  6.181910;-10.493200;104.184000;,
  -4.999240;-15.465499;124.469005;,
  -11.791900;-14.032699;120.625997;,
  -8.160740;-17.182600;116.679002;,
  -4.235790;-16.062200;110.031002;,
  -1.906670;-15.548000;110.248000;,
  0.000000;-15.127000;110.424998;,
  0.000000;-8.404220;107.816998;,
  -12.520500;-11.256500;124.200000;,
  -17.219699;-5.877440;121.368998;,
  -14.522101;-12.935900;117.214003;,
  -12.521900;-15.002099;114.207002;,
  -8.537740;-15.074400;108.075994;,
  -6.181910;-10.493200;104.184000;,
  -2.426780;-8.732890;107.224998;,
  -16.134899;-5.629110;124.424000;,
  -18.811600;1.626380;122.951002;,
  -17.990499;0.977109;119.882010;,
  -18.075800;-5.698890;118.808000;,
  -16.348301;-9.804660;115.025997;,
  -14.863901;-13.297100;111.938010;,
  -11.719401;-13.977701;106.103994;,
  -18.675699;1.837740;125.228992;,
  -14.829701;8.060220;122.305997;,
  -15.890099;7.972360;119.986995;,
  -19.623400;1.392030;121.516992;,
  -21.893000;-6.493630;118.728998;,
  -16.420000;-13.863200;111.336000;,
  -12.698700;-14.238499;105.388998;,
  -13.010700;7.595750;124.648000;,
  -12.109400;10.226499;121.009997;,
  -13.306600;10.399300;118.454003;,
  -16.279400;8.713270;120.725005;,
  -19.699101;10.268500;119.994010;,
  -24.039699;0.618995;122.256998;,
  -9.992780;10.171200;123.289997;,
  -9.196279;10.478000;119.552998;,
  -12.448399;14.389200;114.468006;,
  -16.166200;13.170700;117.256000;,
  -6.169960;11.088500;121.723994;,
  -5.388020;13.149100;118.865997;,
  -3.118470;14.637101;115.104998;,
  -14.617400;14.870600;110.289997;,
  -18.437800;12.650400;114.321997;,
  -20.420000;11.508799;116.285005;,
  -11.904101;14.893899;107.669005;,
  -18.294099;14.889699;105.624000;,
  -20.938499;11.760199;111.518003;,
  -10.926300;14.514000;99.516698;,
  -13.778301;14.912699;101.434995;,
  -15.696400;15.095101;103.232000;,
  -17.337200;14.781000;100.824998;,
  -21.599101;12.997100;102.268998;,
  -23.635299;9.876190;108.525005;,
  -10.403500;13.755701;95.358803;,
  -11.730300;16.403400;95.453498;,
  -11.914500;16.671899;98.682899;,
  -14.163701;16.691299;100.067002;,
  -13.677901;13.616200;92.390406;,
  -14.194701;16.025101;93.300102;,
  -14.226600;16.503901;94.256102;,
  -12.684900;16.818701;95.850195;,
  -12.940600;16.995002;98.302803;,
  -18.284901;12.244100;89.539904;,
  -18.024499;13.765899;93.553901;,
  -17.584101;15.587699;94.208998;,
  -16.978400;16.149099;94.919405;,
  -22.779200;10.133000;85.520602;,
  -22.738301;11.142000;94.206003;,
  -19.494699;14.116000;97.504800;,
  -18.815901;15.595800;97.249702;,
  -17.750000;15.845000;97.242502;,
  -17.248600;16.033200;99.836301;,
  -16.659299;16.438400;99.091200;,
  -24.275600;9.631530;82.253997;,
  -24.585699;10.185701;84.818099;,
  -26.182200;7.839830;88.571603;,
  -29.224198;4.382020;94.657306;,
  -25.192200;9.356120;98.706701;,
  -24.165002;6.713770;78.793901;,
  -25.456200;7.437790;79.616205;,
  -24.890800;9.119240;82.262099;,
  -25.287202;9.636260;84.567296;,
  -27.051299;8.281340;86.692301;,
  -26.348101;2.061420;75.683603;,
  -27.869600;3.392200;79.066003;,
  -28.005398;4.948980;79.876704;,
  -25.636699;7.468610;80.173498;,
  -27.994400;-4.173800;75.117600;,
  -28.743101;-3.393490;77.128499;,
  -30.338800;1.841890;82.984397;,
  -29.950000;3.550110;83.161901;,
  -28.117398;5.334070;80.491994;,
  -23.509899;-9.078840;79.202701;,
  -25.136800;-8.390310;81.162803;,
  -30.422899;-1.802790;83.997805;,
  -30.219600;3.639030;86.918899;,
  -30.004499;4.662580;85.996301;,
  -29.669299;4.268110;83.225101;,
  -17.554200;-8.715840;78.689696;,
  -12.857300;-11.511300;84.727501;,
  -16.153600;-12.040399;86.062899;,
  -21.010200;-11.237300;91.608102;,
  -27.028602;-6.855820;86.773402;,
  -30.472602;-0.067770;92.350195;,
  -16.516501;-10.333901;72.864096;,
  -11.102000;-5.750980;77.997498;,
  -12.446900;-9.269970;83.148499;,
  -9.256400;-10.078301;94.811994;,
  -9.902390;-13.069300;95.238701;,
  -11.857500;-13.496400;95.585702;,
  -10.669400;-7.595790;71.371002;,
  -10.664300;-0.774810;76.659302;,
  -9.098070;0.020940;82.324205;,
  -9.840901;-5.206280;82.953696;,
  -11.533300;-9.063820;65.934195;,
  -11.323000;-2.779380;68.606202;,
  -11.083300;-10.080800;63.695200;,
  -11.548500;-4.779730;62.968602;,
  -15.206400;-14.668299;68.559405;,
  -15.567400;-16.665701;53.389600;,
  -8.304000;-13.224600;49.679901;,
  -10.779801;-5.759820;60.136998;,
  -21.539899;-13.558000;66.908499;,
  -23.804701;-15.649600;52.995498;,
  -23.677701;-18.773000;46.132099;,
  -15.687600;-19.701598;45.988301;,
  -8.182500;-14.173800;43.821901;,
  -8.210350;-7.969520;44.414701;,
  -22.817499;-21.384198;35.624400;,
  -15.856400;-21.678800;35.355203;,
  -9.117360;-15.244000;33.963699;,
  -8.768070;-8.719060;35.760899;,
  -26.912800;-19.513800;26.560400;,
  -29.548701;5.494320;85.650202;,
  -27.333402;8.024330;85.929606;,
  -28.977398;0.859582;102.279002;,
  -26.792802;5.624310;104.532998;,
  -28.480099;-3.476980;98.537901;,
  -28.841501;-1.542870;103.360998;,
  -27.360598;1.165940;108.733005;,
  -25.949200;7.292870;108.828006;,
  -27.742701;-5.022850;93.903398;,
