xof 0303txt 0032
template ColorRGBA {
 <35ff44e0-6c7c-11cf-8f52-0040333594a3>
 FLOAT red;
 FLOAT green;
 FLOAT blue;
 FLOAT alpha;
}

template ColorRGB {
 <d3e16e81-7835-11cf-8f52-0040333594a3>
 FLOAT red;
 FLOAT green;
 FLOAT blue;
}

template Material {
 <3d82ab4d-62da-11cf-ab39-0020af71e433>
 ColorRGBA faceColor;
 FLOAT power;
 ColorRGB specularColor;
 ColorRGB emissiveColor;
 [...]
}

template TextureFilename {
 <a42790e1-7810-11cf-8f52-0040333594a3>
 STRING filename;
}

template Frame {
 <3d82ab46-62da-11cf-ab39-0020af71e433>
 [...]
}

template Matrix4x4 {
 <f6f23f45-7686-11cf-8f52-0040333594a3>
 array FLOAT matrix[16];
}

template FrameTransformMatrix {
 <f6f23f41-7686-11cf-8f52-0040333594a3>
 Matrix4x4 frameMatrix;
}

template Vector {
 <3d82ab5e-62da-11cf-ab39-0020af71e433>
 FLOAT x;
 FLOAT y;
 FLOAT z;
}

template MeshFace {
 <3d82ab5f-62da-11cf-ab39-0020af71e433>
 DWORD nFaceVertexIndices;
 array DWORD faceVertexIndices[nFaceVertexIndices];
}

template Mesh {
 <3d82ab44-62da-11cf-ab39-0020af71e433>
 DWORD nVertices;
 array Vector vertices[nVertices];
 DWORD nFaces;
 array MeshFace faces[nFaces];
 [...]
}

template MeshNormals {
 <f6f23f43-7686-11cf-8f52-0040333594a3>
 DWORD nNormals;
 array Vector normals[nNormals];
 DWORD nFaceNormals;
 array MeshFace faceNormals[nFaceNormals];
}

template MeshMaterialList {
 <f6f23f42-7686-11cf-8f52-0040333594a3>
 DWORD nMaterials;
 DWORD nFaceIndexes;
 array DWORD faceIndexes[nFaceIndexes];
 [Material <3d82ab4d-62da-11cf-ab39-0020af71e433>]
}

template Coords2d {
 <f6f23f44-7686-11cf-8f52-0040333594a3>
 FLOAT u;
 FLOAT v;
}

template MeshTextureCoords {
 <f6f23f40-7686-11cf-8f52-0040333594a3>
 DWORD nTextureCoords;
 array Coords2d textureCoords[nTextureCoords];
}

template XSkinMeshHeader {
 <3cf169ce-ff7c-44ab-93c0-f78f62d172e2>
 WORD nMaxSkinWeightsPerVertex;
 WORD nMaxSkinWeightsPerFace;
 WORD nBones;
}

template SkinWeights {
 <6f0d123b-bad2-4167-a0d0-80224f25fabb>
 STRING transformNodeName;
 DWORD nWeights;
 array DWORD vertexIndices[nWeights];
 array FLOAT weights[nWeights];
 Matrix4x4 matrixOffset;
}

template AnimTicksPerSecond {
 <9e415a43-7ba6-4a73-8743-b73d47e88476>
 DWORD AnimTicksPerSecond;
}

template Animation {
 <3d82ab4f-62da-11cf-ab39-0020af71e433>
 [...]
}

template AnimationSet {
 <3d82ab50-62da-11cf-ab39-0020af71e433>
 [Animation <3d82ab4f-62da-11cf-ab39-0020af71e433>]
}

template FloatKeys {
 <10dd46a9-775b-11cf-8f52-0040333594a3>
 DWORD nValues;
 array FLOAT values[nValues];
}

template TimedFloatKeys {
 <f406b180-7b3b-11cf-8f52-0040333594a3>
 DWORD time;
 FloatKeys tfkeys;
}

template AnimationKey {
 <10dd46a8-775b-11cf-8f52-0040333594a3>
 DWORD keyType;
 DWORD nKeys;
 array TimedFloatKeys keys[nKeys];
}


Material DefaultMaterial {
 1.000000;1.000000;1.000000;1.000000;;
 0.000000;
 0.000000;0.000000;0.000000;;
 0.000000;0.000000;0.000000;;

 TextureFilename {
  "Hecarim_base_TX_CM.dds";
 }
}

Frame root_b {
 

 FrameTransformMatrix {
  0.017000,0.096458,-0.381323,0.000000,0.393144,0.007692,0.019473,0.000000,0.012221,-0.381624,-0.095990,0.000000,-0.979382,36.806771,18.076259,1.000000;;
 }

 Frame waist {
  

  FrameTransformMatrix {
   0.999812,-0.000068,-0.019393,0.000000,0.000527,0.999720,0.023671,0.000000,0.019386,-0.023677,0.999532,0.000000,21.330000,0.000000,5.069641,1.000000;;
  }

  Frame spine {
   

   FrameTransformMatrix {
    0.957554,-0.044649,-0.284775,0.000000,0.050117,0.998672,0.011938,0.000000,0.283864,-0.025703,0.958520,0.000000,17.307501,0.125694,1.198830,1.000000;;
   }

   Frame chest {
    

    FrameTransformMatrix {
     0.000703,-0.999996,-0.002654,0.000000,0.804035,-0.001013,0.594581,0.000000,-0.594581,-0.002551,0.804032,0.000000,16.363602,0.000000,-0.000313,1.000000;;
    }

    Frame root {
     

     FrameTransformMatrix {
      -0.021597,-0.473944,0.880290,0.000000,-0.999755,0.014522,-0.016709,0.000000,-0.004864,-0.880436,-0.474141,0.000000,-0.000000,6.307201,7.702827,1.000000;;
     }

     Frame spine_c {
      

      FrameTransformMatrix {
       0.960277,0.097703,-0.261386,0.000000,0.042793,-0.977183,-0.208045,0.000000,-0.275749,0.188596,-0.942547,0.000000,-20.172798,-0.000000,1.754650,1.000000;;
      }

      Frame chest_b {
       

       FrameTransformMatrix {
        0.669554,-0.030498,-0.742137,0.000000,-0.071526,-0.997161,-0.023552,0.000000,-0.739312,0.068851,-0.669834,0.000000,-20.961403,-0.000001,0.000002,1.000000;;
       }

       Frame neck {
        

        FrameTransformMatrix {
         -0.000634,-0.999995,-0.003123,0.000000,0.249447,-0.003182,0.968383,0.000000,-0.968388,-0.000165,0.249448,0.000000,-23.078400,0.000000,0.000008,1.000000;;
        }

        Frame head {
         

         FrameTransformMatrix {
          0.015173,0.498821,-0.866572,0.000000,-0.982583,-0.153093,-0.105328,0.000000,-0.185206,0.853077,0.487810,0.000000,0.000002,-3.112305,4.718231,1.000000;;
         }
        }
       }

       Frame r_shoulder {
        

        FrameTransformMatrix {
         0.114508,-0.993417,-0.003379,0.000000,0.383491,0.041065,0.922631,0.000000,-0.916418,-0.106945,0.385669,0.000000,-14.747299,-6.139330,0.604134,1.000000;;
        }

        Frame r_uparm {
         

         FrameTransformMatrix {
          0.289346,-0.125000,0.949028,0.000000,0.257860,0.964966,0.048481,0.000000,-0.921839,0.230688,0.311442,0.000000,-28.278995,0.000000,-0.000229,1.000000;;
         }

         Frame r_forearm {
          

          FrameTransformMatrix {
           0.418108,0.882305,-0.216156,0.000000,-0.887845,0.447241,0.108198,0.000000,0.192138,0.146675,0.970345,0.000000,-27.217498,-0.000027,-0.000122,1.000000;;
          }

          Frame r_hand {
           

           FrameTransformMatrix {
            0.550573,0.618537,-0.560607,0.000000,-0.744146,0.059319,-0.665378,0.000000,-0.378307,0.783513,0.492942,0.000000,-28.792496,0.000132,-0.000343,1.000000;;
           }

           Frame r_finger {
            

            FrameTransformMatrix {
             0.794087,-0.029802,0.607073,0.000000,0.154006,0.976069,-0.153532,0.000000,-0.587969,0.215411,0.779673,0.000000,-14.004402,0.000061,0.000536,1.000000;;
            }

            Frame r_finger_b {
             

             FrameTransformMatrix {
              0.787509,-0.046544,0.614544,0.000000,-0.092408,0.976955,0.192408,0.000000,-0.609337,-0.208311,0.765059,0.000000,-5.758045,0.000000,-0.000099,1.000000;;
             }
            }
           }

           Frame r_thumb {
            

            FrameTransformMatrix {
             0.726189,0.609243,0.318549,0.000000,-0.639923,0.429639,0.637110,0.000000,0.251294,-0.666509,0.701867,0.000000,-3.976112,-5.100929,-2.755709,1.000000;;
            }

            Frame r_thumb_b {
             

             FrameTransformMatrix {
              0.890868,-0.062791,0.449903,0.000000,0.240414,0.905499,-0.349675,0.000000,-0.385430,0.419677,0.821775,0.000000,-5.613129,-0.000002,0.000084,1.000000;;
             }
            }
           }
          }

          Frame r_arm_helper {
           

           FrameTransformMatrix {
            0.993003,-0.110415,0.041870,0.000000,0.113566,0.795772,-0.594852,0.000000,0.032361,0.595445,0.802744,0.000000,-17.331894,-0.245989,0.093300,1.000000;;
           }
          }
         }

         Frame r_armor {
          

          FrameTransformMatrix {
           0.978916,-0.109625,-0.172356,0.000000,0.043053,0.935561,-0.350531,0.000000,0.199677,0.335720,0.920555,0.000000,-1.576164,-0.523323,8.318672,1.000000;;
          }
         }
        }
       }

       Frame l_shoulder {
        

        FrameTransformMatrix {
         0.024129,-0.985155,-0.169966,0.000000,-0.270516,0.157238,-0.949788,0.000000,0.962413,0.068896,-0.262706,0.000000,-14.747307,6.139328,0.604134,1.000000;;
        }

        Frame l_uparm {
         

         FrameTransformMatrix {
          0.715978,-0.007358,0.698084,0.000000,-0.063751,0.995077,0.075873,0.000000,-0.695206,-0.098827,0.711984,0.000000,28.278998,0.000000,0.000237,1.000000;;
         }

         Frame l_forearm {
          

          FrameTransformMatrix {
           0.572038,0.812014,-0.115781,0.000000,-0.818713,0.573837,-0.020477,0.000000,0.049812,0.106505,0.993064,0.000000,27.217498,0.000023,0.000111,1.000000;;
          }

          Frame l_hand {
           

           FrameTransformMatrix {
            0.992596,-0.048237,-0.111476,0.000000,0.011871,0.951894,-0.306197,0.000000,0.120884,0.302607,0.945419,0.000000,28.792496,-0.000136,0.000343,1.000000;;
           }

           Frame l_finger {
            

            FrameTransformMatrix {
             0.979375,-0.059718,0.193027,0.000000,0.087027,0.986845,-0.136249,0.000000,-0.182351,0.150237,0.971688,0.000000,14.004398,-0.000069,-0.000542,1.000000;;
            }

            Frame l_finger_b {
             

             FrameTransformMatrix {
              0.740385,0.120482,0.661297,0.000000,-0.034021,0.989261,-0.142144,0.000000,-0.671321,0.082743,0.736533,0.000000,5.758041,0.000004,0.000092,1.000000;;
             }
            }
           }

           Frame l_thumb {
            

            FrameTransformMatrix {
             0.893542,0.442187,0.077800,0.000000,-0.318260,0.501582,0.804442,0.000000,0.316690,-0.743563,0.588915,0.000000,3.976105,5.100933,2.755699,1.000000;;
            }

            Frame l_thumb_b {
             

             FrameTransformMatrix {
              0.986736,0.079025,0.141800,0.000000,-0.044801,0.972152,-0.230027,0.000000,-0.156029,0.220624,0.962798,0.000000,5.613117,-0.000004,-0.000084,1.000000;;
             }
            }
           }
          }

          Frame l_arm_helper {
           

           FrameTransformMatrix {
            0.993044,-0.110094,0.041747,0.000000,0.111447,0.993268,-0.031590,0.000000,-0.037988,0.036023,0.998629,0.000000,16.004906,1.417919,-0.537743,1.000000;;
           }
          }
         }

         Frame l_armor {
          

          FrameTransformMatrix {
           0.962641,0.026203,-0.269509,0.000000,-0.181540,0.800939,-0.570560,0.000000,0.200910,0.598172,0.775774,0.000000,1.246452,-5.190529,-5.824642,1.000000;;
          }
         }
        }
       }
      }

      Frame mouth {
       

       FrameTransformMatrix {
        -0.479510,0.054816,-0.875823,0.000000,-0.071167,-0.997189,-0.023448,0.000000,-0.874646,0.051086,0.482063,0.000000,-8.258590,-0.993305,3.553040,1.000000;;
       }
      }
     }

     Frame mouth_b {
      

      FrameTransformMatrix {
       -0.208714,0.000000,0.977977,0.000000,0.000000,1.000000,-0.000000,0.000000,-0.977977,0.000000,-0.208714,0.000000,-14.425606,-0.000000,-4.967621,1.000000;;
      }
     }

     Frame front_cloth {
      

      FrameTransformMatrix {
       0.801945,0.024156,0.596910,0.000000,0.016682,0.997887,-0.062796,0.000000,-0.597166,0.060316,0.799847,0.000000,13.137199,-0.051438,-28.645002,1.000000;;
      }

      Frame front_cloth_2 {
       

       FrameTransformMatrix {
        -0.554874,0.000000,-0.831935,0.000000,-0.000000,1.000000,-0.000000,0.000000,0.831935,0.000000,-0.554874,0.000000,-0.710106,-0.000000,-32.876403,1.000000;;
       }
      }
     }
    }

    Frame r_f_leg {
     

     FrameTransformMatrix {
      0.089352,-0.063453,-0.993977,0.000000,0.995490,-0.026260,0.091164,0.000000,-0.031886,-0.997639,0.060820,0.000000,-12.708000,12.283001,13.616203,1.000000;;
     }

     Frame r_f_leg_b {
      

      FrameTransformMatrix {
       0.941327,-0.044676,0.334526,0.000000,0.098173,0.984584,-0.144760,0.000000,-0.322901,0.169108,0.931202,0.000000,-27.624598,-0.018545,-0.121026,1.000000;;
      }

      Frame r_f_leg_c {
       

       FrameTransformMatrix {
        0.998854,0.001584,-0.047834,0.000000,-0.001708,0.999995,-0.002560,0.000000,0.047830,0.002638,0.998852,0.000000,-26.575602,0.000016,0.000065,1.000000;;
       }

       Frame r_f_leg_d {
        

        FrameTransformMatrix {
         0.993470,-0.038245,0.107492,0.000000,-0.026650,-0.993869,-0.107302,0.000000,0.110937,0.103736,-0.988399,0.000000,-24.473701,0.000000,-0.000053,1.000000;;
        }

        Frame r_f_leg_e {
         

         FrameTransformMatrix {
          0.000040,-0.999998,0.002156,0.000000,0.415220,-0.001945,-0.909719,0.000000,0.909721,0.000931,0.415219,0.000000,-20.918501,0.000001,11.306702,1.000000;;
         }
        }
       }
      }
     }

     Frame BUFFBONE_CSTM_THIGH_RF {
      

      FrameTransformMatrix {
       -0.123543,-0.169248,0.977800,0.000000,-0.052494,-0.982854,-0.176755,0.000000,0.990950,-0.073166,0.112541,0.000000,4.152756,-10.448902,3.030951,1.000000;;
      }
     }
    }

    Frame l_f_leg {
     

     FrameTransformMatrix {
      0.127243,0.067785,0.989553,0.000000,0.991748,-0.024440,-0.125851,0.000000,0.015654,0.997401,-0.070336,0.000000,12.708002,12.283003,13.616203,1.000000;;
     }

     Frame l_f_leg_b {
      

      FrameTransformMatrix {
       0.924107,-0.145851,0.353205,0.000000,0.186807,0.978748,-0.084592,0.000000,-0.333361,0.144153,0.931714,0.000000,27.624605,0.018543,0.121023,1.000000;;
      }

      Frame l_f_leg_c {
       

       FrameTransformMatrix {
        0.995579,0.003105,-0.093874,0.000000,-0.003367,0.999991,-0.002638,0.000000,0.093865,0.002943,0.995581,0.000000,26.575600,-0.000017,-0.000069,1.000000;;
       }

       Frame l_f_leg_d {
        

        FrameTransformMatrix {
         0.993258,0.010554,0.115441,0.000000,0.024319,-0.992657,-0.118490,0.000000,0.113343,0.120499,-0.986222,0.000000,24.473699,0.000000,0.000057,1.000000;;
        }

        Frame l_f_leg_e {
         

         FrameTransformMatrix {
          0.000040,-0.999998,0.002156,0.000000,0.415220,-0.001945,-0.909719,0.000000,0.909721,0.000931,0.415219,0.000000,20.918499,0.000002,-11.306702,1.000000;;
         }
        }
       }
      }
     }
    }

    Frame weapon {
     

     FrameTransformMatrix {
      -0.053153,-0.087249,-0.994768,0.000000,-0.095474,-0.991168,0.092035,0.000000,-0.994012,0.099866,0.044354,0.000000,-51.763408,34.145805,2.133888,1.000000;;
     }
    }
   }
  }
 }

 Frame hip {
  

  FrameTransformMatrix {
   0.970720,0.000000,-0.240214,0.000000,0.000000,-1.000000,-0.000000,0.000000,-0.240215,0.000000,-0.970720,0.000000,-1.444040,0.000000,-0.001770,1.000000;;
  }

  Frame tail {
   

   FrameTransformMatrix {
    0.927231,-0.022470,0.373814,0.000000,0.000759,0.998309,0.058126,0.000000,-0.374488,-0.053612,0.925680,0.000000,-26.367298,0.000000,4.637039,1.000000;;
   }

   Frame tail_b {
    

    FrameTransformMatrix {
     0.804870,0.415270,0.423953,0.000000,-0.397808,0.907655,-0.133832,0.000000,-0.440379,-0.060935,0.895742,0.000000,-27.967795,-0.079797,-0.387886,1.000000;;
    }

    Frame tail_c {
     

     FrameTransformMatrix {
      0.990361,0.000000,-0.138511,0.000000,0.000000,1.000000,0.000000,0.000000,0.138511,0.000000,0.990361,0.000000,-29.892701,1.382721,2.359695,1.000000;;
     }
    }
   }
  }

  Frame r_b_leg {
   

   FrameTransformMatrix {
    -0.163711,0.156904,0.973951,0.000000,0.052538,-0.984483,0.167432,0.000000,0.985108,0.078580,0.152927,0.000000,-17.543899,-14.095200,-8.801048,1.000000;;
   }

   Frame r_b_leg_b {
    

    FrameTransformMatrix {
     0.383833,0.123070,0.915165,0.000000,0.113762,-0.989831,0.085398,0.000000,0.916368,0.071333,-0.393930,0.000000,-20.547402,-0.000050,0.000000,1.000000;;
    }

    Frame r_b_leg_c {
     

     FrameTransformMatrix {
      0.133660,-0.056829,0.989397,0.000000,-0.026824,-0.998196,-0.053711,0.000000,0.990664,-0.019360,-0.134943,0.000000,-34.397702,-0.000059,-0.000046,1.000000;;
     }

     Frame r_b_leg_d {
      

      FrameTransformMatrix {
       0.867832,-0.020796,0.496423,0.000000,0.045574,0.998244,-0.037853,0.000000,-0.494764,0.055474,0.867255,0.000000,-29.051798,-0.000021,-0.000029,1.000000;;
      }

      Frame r_b_leg_e {
       

       FrameTransformMatrix {
        0.043725,-0.994263,-0.097618,0.000000,0.397784,0.106959,-0.911223,0.000000,0.916437,0.001012,0.400178,0.000000,-18.655000,-1.038460,8.750612,1.000000;;
       }
      }
     }
    }
   }
  }

  Frame l_b_leg {
   

   FrameTransformMatrix {
    -0.153980,0.173575,-0.972709,0.000000,-0.052973,-0.984484,-0.167291,0.000000,-0.986653,0.025768,0.160786,0.000000,-17.543896,14.095200,-8.801041,1.000000;;
   }

   Frame l_b_leg_b {
    

    FrameTransformMatrix {
     0.450255,0.267675,0.851834,0.000000,0.092209,-0.962846,0.253820,0.000000,0.888126,-0.035737,-0.458208,0.000000,20.547402,0.000050,-0.000004,1.000000;;
    }

    Frame l_b_leg_c {
     

     FrameTransformMatrix {
      -0.056241,-0.058128,0.996724,0.000000,-0.023654,-0.997946,-0.059534,0.000000,0.998137,-0.026925,0.054751,0.000000,34.397706,0.000059,0.000038,1.000000;;
     }

     Frame l_b_leg_d {
      

      FrameTransformMatrix {
       0.888318,-0.050829,0.456408,0.000000,0.005675,0.994995,0.099765,0.000000,-0.459194,-0.086033,0.884160,0.000000,29.051795,0.000017,0.000031,1.000000;;
      }

      Frame l_b_leg_e {
       

       FrameTransformMatrix {
        0.043725,-0.994263,-0.097618,0.000000,0.397784,0.106959,-0.911223,0.000000,0.916437,0.001012,0.400178,0.000000,18.655003,1.038462,-8.750609,1.000000;;
       }
      }
     }
    }
   }
  }
 }
}

Frame Model {
 

 FrameTransformMatrix {
  0.393701,0.000000,0.000000,0.000000,0.000000,-0.000000,-0.393701,0.000000,0.000000,0.393701,-0.000000,0.000000,0.000000,0.000000,0.000000,1.000000;;
 }

 Mesh Model {
  5348;
  7.218000;57.275603;13.638800;,
  9.671240;57.275603;15.528301;,
  5.221500;57.275603;15.474901;,
  11.592800;57.275603;14.854800;,
  11.642600;57.275603;24.196101;,
  -22.411000;-49.840899;43.111402;,
  -18.801099;-55.852301;42.387600;,
  -18.318198;-55.508499;44.010400;,
  10.825900;57.275603;88.994003;,
  10.324700;57.280000;71.976499;,
  -0.093083;58.196499;88.999296;,
  -0.191842;58.196602;72.024000;,
  10.378800;57.275501;61.314605;,
  -0.385691;58.196499;61.410598;,
  -0.625706;58.183898;50.692701;,
  10.382600;57.275296;50.377702;,
  -1.057700;58.196499;39.132198;,
  10.640500;57.275603;39.158400;,
  -10.138200;57.275603;89.000198;,
  -10.137800;57.280000;71.980902;,
  -10.137999;57.275603;61.227200;,
  -10.687101;57.275603;48.517101;,
  -9.160100;57.275501;47.859699;,
  -8.164699;57.275501;46.649200;,
  -8.328420;57.274899;44.584301;,
  -11.331700;57.275603;39.156800;,
  -1.225830;58.196499;29.674202;,
  12.011200;57.275603;28.959901;,
  9.584621;56.815104;27.896400;,
  10.196800;57.275603;25.427200;,
  -1.401510;58.196499;20.892499;,
  11.642600;57.275603;24.196101;,
  -11.767700;57.275603;24.702998;,
  -4.824210;58.104403;15.453499;,
  -2.978630;58.196499;14.346200;,
  0.540596;57.275603;14.079600;,
  5.221500;57.275603;15.474901;,
  9.671240;57.275603;15.528301;,
  -5.900930;57.275603;13.457501;,
  -3.244250;57.275603;11.616600;,
  -0.149742;57.275603;12.809500;,
  4.886570;57.275603;13.715499;,
  0.540596;57.275603;14.079600;,
  2.101680;57.275603;11.513400;,
  -8.862600;57.275603;12.035700;,
  -8.186380;57.275603;14.240699;,
  -12.178600;57.275603;14.249501;,
  -11.767700;57.275603;24.702998;,
  -4.824210;58.104403;15.453499;,
  -28.240602;52.365798;156.064000;,
  -26.908499;50.980598;158.018010;,
  -23.944499;53.606701;154.302989;,
  -27.734099;55.373600;152.188992;,
  -22.035299;55.241702;150.908006;,
  -23.569499;56.287501;149.031002;,
  -21.212400;53.269402;148.888000;,
  -15.656901;54.199802;155.568998;,
  -23.944499;53.606701;154.302989;,
  -32.607699;53.071603;154.608998;,
  -27.855501;54.359501;150.968000;,
  -23.868800;54.743200;147.879002;,
  -27.088099;55.108198;143.044006;,
  -22.757299;53.282701;147.120998;,
  -25.231899;52.443299;141.500006;,
  -31.421101;50.979402;140.983002;,
  -31.748301;51.042598;156.804992;,
  -38.232899;47.385600;158.080000;,
  -37.936797;47.013402;156.511002;,
  -32.856400;51.957802;153.623987;,
  -32.342602;53.468899;142.623002;,
  -37.522000;48.702598;142.205005;,
  -31.511901;48.001901;158.639002;,
  -35.410499;44.081200;163.658010;,
  -43.318598;42.175098;157.268992;,
  -42.080003;41.955398;155.519002;,
  -44.519901;45.337699;144.740992;,
  -38.477501;50.620000;143.901005;,
  -43.169299;43.752998;143.049997;,
  -46.344701;39.794800;143.624998;,
  -29.305901;48.269798;160.516006;,
  -27.612701;46.760701;162.395008;,
  -33.185398;41.209501;165.063002;,
  -39.427699;37.932202;167.439002;,
  -41.966301;39.619302;165.996992;,
  -46.993402;33.289901;157.577997;,
  -46.659302;36.453098;155.268992;,
  -17.681499;50.391101;159.799002;,
  -19.066798;42.802102;166.348006;,
  -22.092301;39.103699;168.383002;,
  -33.084400;37.092099;168.794995;,
  -38.700000;34.460499;168.050995;,
  -14.658600;54.035699;156.699994;,
  -16.392099;50.932499;161.152998;,
  -17.740600;43.178000;167.677990;,
  -19.068800;29.612198;166.720000;,
  -21.593000;31.280301;168.227008;,
  -23.109899;34.642701;170.838003;,
  -14.544501;51.692099;153.998003;,
  -12.169599;51.847901;158.643008;,
  -12.886100;49.862400;161.460006;,
  -14.077400;42.995098;166.473011;,
  -17.857800;28.916998;167.872000;,
  -20.096501;22.621200;161.039987;,
  -11.600600;49.002800;156.561997;,
  -12.231300;47.934899;160.694003;,
  -12.972900;43.469798;164.144998;,
  -12.424300;29.657200;163.587008;,
  -13.894701;28.607901;166.553997;,
  -16.540400;21.836099;159.481997;,
  -19.496402;21.752301;154.977011;,
  -23.066699;22.280899;156.302989;,
  -32.258998;27.435200;166.115008;,
  -14.932901;25.234699;157.912998;,
  -18.874800;25.075099;153.918003;,
  -17.077200;21.688899;150.264013;,
  -21.848200;18.914101;152.024998;,
  -25.315501;19.089400;154.022003;,
  -37.405299;19.720899;161.522995;,
  -36.860499;26.235301;163.095002;,
  -16.344600;23.623101;149.919002;,
  -18.676701;23.851600;143.529997;,
  -20.277800;18.497802;146.147008;,
  -24.610800;18.768000;147.699994;,
  -26.863200;18.542400;152.022989;,
  -32.992499;19.323000;155.626010;,
  -38.612499;19.191699;159.485990;,
  -48.596298;19.325000;170.040998;,
  -22.449800;18.449000;141.707994;,
  -27.300602;20.017099;142.511002;,
  -27.521299;24.084101;140.216000;,
  -32.199901;20.478501;140.933005;,
  -31.883498;19.508400;143.065997;,
  -36.104998;20.800600;142.587008;,
  -35.159302;20.591899;146.694003;,
  -21.437200;23.839000;139.162995;,
  -32.209901;22.920602;139.360000;,
  -35.861501;23.351600;140.229990;,
  -36.384602;23.349200;141.330995;,
  -36.630797;20.800899;143.716006;,
  -38.617501;21.040400;142.991002;,
  -40.597901;25.923701;151.470003;,
  -33.018000;20.817101;152.332992;,
  -33.107299;19.124600;153.872000;,
  -38.997002;23.628000;140.616000;,
  -43.607101;25.891198;144.414989;,
  -46.449699;31.731299;144.752000;,
  -44.902698;36.326301;153.288000;,
  -42.932000;24.587499;152.815002;,
  -43.425299;24.263398;155.828006;,
  -41.692198;27.528998;141.768998;,
  -44.365501;32.885898;142.694003;,
  -47.303699;37.063098;144.007002;,
  -50.429699;37.322202;146.244006;,
  -48.070598;36.880902;147.838003;,
  -46.659302;36.453098;155.268992;,
  -46.993402;33.289901;157.577997;,
  -55.207597;22.316000;167.296000;,
  -54.506202;19.576000;166.899994;,
  -50.244400;18.294600;168.446003;,
  -53.203901;18.554002;175.716992;,
  -52.550000;17.143998;174.798003;,
  -51.422099;17.260800;174.533005;,
  -50.407699;17.769501;174.840000;,
  -50.437302;19.693099;175.823002;,
  -48.969398;24.065299;172.589005;,
  -38.941299;31.043101;165.796006;,
  -50.906502;15.478501;179.373005;,
  -50.158499;15.670400;179.186995;,
  -49.920102;16.834299;179.850995;,
  -52.244000;19.409000;176.082995;,
  -52.094701;23.926600;171.830989;,
  -50.822499;16.367701;180.032998;,
  -48.638998;14.607600;182.616998;,
  -48.612800;15.013600;182.874995;,
  -48.824502;14.932400;182.938010;,
  -50.822499;16.367701;180.032998;,
  -53.203901;18.554002;175.716992;,
  -55.207597;22.316000;167.296000;,
  -34.727501;27.524202;166.680998;,
  -32.697200;32.707901;169.595994;,
  -36.107600;33.388598;170.088998;,
  -35.715802;31.624202;170.298010;,
  -44.902698;36.326301;153.288000;,
  -48.070598;36.880902;147.838003;,
  -47.892102;40.830301;145.183002;,
  -47.303699;37.063098;144.007002;,
  -50.429699;37.322202;146.244006;,
  -21.888099;53.497798;147.320998;,
  -23.868800;54.743200;147.879002;,
  37.521802;48.702598;142.205005;,
  39.551600;44.359699;144.723008;,
  31.420899;50.979302;140.983002;,
  25.335301;47.356099;147.983987;,
  32.995603;27.962301;145.244006;,
  41.836000;33.693901;147.130995;,
  43.108800;37.817798;147.974003;,
  46.344701;39.795101;143.624998;,
  47.303798;37.063501;144.007002;,
  25.231701;52.443200;141.500006;,
  22.757000;53.282602;147.120998;,
  21.887899;53.497699;147.320998;,
  21.212099;53.269402;148.888000;,
  21.928400;45.921901;156.466010;,
  21.478800;31.740998;158.660992;,
  24.989402;27.880598;149.718989;,
  14.544200;51.692000;153.998003;,
  11.600400;49.002701;156.561997;,
  12.231100;47.934899;160.694003;,
  12.972700;43.469898;164.144998;,
  12.424400;29.657200;163.587008;,
  14.933099;25.234699;157.912998;,
  18.875000;25.075099;153.919002;,
  16.344901;23.622901;149.919002;,
  18.677000;23.851299;143.529997;,
  21.437598;23.838699;139.164006;,
  27.521699;24.084000;140.216000;,
  32.210301;22.920602;139.360000;,
  35.861802;23.351600;140.229990;,
  36.384899;23.349301;141.332006;,
  38.997299;23.628000;140.616998;,
  41.692403;27.529101;141.768998;,
  44.365600;32.886099;142.694003;,
  18.922301;44.958198;102.056998;,
  20.483200;46.199501;99.875398;,
  18.228301;46.844400;101.123002;,
  23.195499;42.219898;101.450995;,
  19.205499;44.519402;104.600998;,
  19.481800;46.240502;102.885005;,
  18.614299;47.068298;106.490995;,
  20.616101;45.396499;106.865997;,
  18.896798;46.088099;108.318003;,
  17.238200;45.439299;110.485005;,
  23.593501;44.512797;98.472998;,
  31.181299;40.665299;96.112198;,
  23.183400;35.722000;104.163002;,
  24.282301;42.620000;103.367994;,
  18.722299;36.724998;108.920000;,
  17.039800;40.916698;113.625997;,
  15.543000;47.145802;113.714995;,
  19.712699;45.210202;97.548602;,
  24.031099;43.473802;96.597600;,
  31.209101;40.423901;94.742797;,
  30.440301;32.451302;97.363200;,
  26.774598;23.713200;98.859098;,
  20.133699;28.485501;106.036000;,
  20.379400;28.633299;106.986003;,
  23.661301;35.910899;105.294995;,
  22.770000;39.338701;95.374298;,
  30.783600;32.041002;95.728205;,
  27.111101;23.431400;96.814099;,
  17.999202;13.230800;99.471200;,
  17.989901;13.819299;101.296998;,
  11.800000;19.164200;108.594995;,
  14.125301;20.552299;109.436992;,
  21.934099;34.236000;95.832602;,
  18.718701;26.356701;96.251405;,
  15.858099;17.003499;97.310701;,
  11.314201;10.629700;99.891002;,
  0.000000;5.890990;105.093005;,
  0.000000;6.270920;106.916000;,
  0.000000;14.439901;110.725005;,
  0.000000;15.034600;111.863002;,
  0.000000;20.145299;113.464000;,
  11.674000;24.909402;112.503002;,
  0.000000;8.211090;101.914003;,
  -11.314201;10.629700;99.886400;,
  -17.999202;13.230800;99.470298;,
  -17.989901;13.819299;101.292000;,
  -11.800000;19.164200;108.594995;,
  -14.125301;20.552299;109.436992;,
  -11.674000;24.909402;112.503002;,
  0.000000;21.575600;119.055002;,
  -15.858099;17.003499;97.309094;,
  -27.111101;23.431400;96.814202;,
  -26.774598;23.713200;98.855904;,
  -20.133699;28.485501;106.036000;,
  -20.379400;28.633299;106.986003;,
  -17.509000;32.298099;109.945997;,
  -12.677800;29.102301;117.457997;,
  -18.718701;26.356701;96.250899;,
  -21.934099;34.236000;95.834701;,
  -30.783600;32.041002;95.735706;,
  -30.440301;32.451302;97.363296;,
  -23.183400;35.722000;104.164998;,
  -23.661301;35.910899;105.311994;,
  -18.722299;36.724998;108.920000;,
  -17.289200;34.649699;115.449997;,
  -22.770000;39.338701;95.364096;,
  -31.209101;40.423901;94.745203;,
  -31.181299;40.665299;96.111501;,
  -23.195499;42.219898;101.452006;,
  -24.282301;42.620000;103.371002;,
  -24.031099;43.473802;96.596998;,
  -23.593501;44.512797;98.478202;,
  -20.483200;46.199501;99.881203;,
  -18.922301;44.958198;102.056000;,
  -19.205499;44.519402;104.600998;,
  -20.616101;45.396499;106.860998;,
  -19.712699;45.210202;97.556000;,
  -18.228301;46.844400;101.136998;,
  -19.481800;46.240502;102.887002;,
  -18.614299;47.068298;106.487002;,
  -18.896798;46.088099;108.318003;,
  -17.238200;45.439299;110.485005;,
  -16.826701;39.724998;113.446003;,
  -18.272600;41.020301;118.580006;,
  -18.056901;30.421699;124.858995;,
  -10.238700;25.177400;123.047002;,
  -15.543000;47.145802;113.714995;,
  -20.896901;36.900099;127.296998;,
  -19.180299;30.279802;130.136000;,
  -11.566200;23.641800;129.400998;,
  0.000000;20.667901;121.030003;,
  10.238700;25.177400;123.047002;,
  12.677800;29.102301;117.457997;,
  -25.293301;33.620202;131.884006;,
  -25.383000;31.211699;135.959002;,
  -26.215099;26.788901;141.149990;,
  -15.647701;22.719699;135.312000;,
  -8.882390;20.929400;134.688000;,
  0.000002;17.331499;131.268992;,
  11.566200;23.641800;129.400998;,
  18.056901;30.421699;124.858995;,
  -21.937200;24.754101;143.496000;,
  -16.502400;21.699800;142.813990;,
  -10.903900;20.996402;139.376013;,
  -4.602750;19.924400;138.013005;,
  0.000000;17.189400;135.468006;,
  8.882390;20.929400;134.688000;,
  -15.114000;22.750901;148.651994;,
  -8.329270;20.777501;144.470989;,
  -22.624501;26.357800;150.921997;,
  -15.602800;29.529101;157.113011;,
  -10.350700;23.462699;151.835008;,
  -4.949140;21.921699;149.438003;,
  -4.592890;18.491501;145.142003;,
  -18.535499;29.362301;156.456998;,
  17.509000;32.298099;109.945997;,
  17.289200;34.649699;115.449997;,
  18.272600;41.020301;118.580006;,
  20.896901;36.900099;127.296998;,
  19.132901;30.285802;129.913997;,
  25.293301;33.620202;131.884006;,
  25.383101;31.211600;135.959002;,
  26.215200;26.788800;141.149990;,
  15.647701;22.719699;135.312000;,
  21.937299;24.754000;143.496000;,
  10.903900;20.996402;139.376013;,
  16.502400;21.699800;142.813990;,
  15.358400;26.140000;152.882995;,
  20.560400;27.809299;153.701005;,
  4.602750;19.924400;138.013005;,
  0.000000;16.608400;136.774003;,
  3.577580;18.372998;140.444006;,
  0.000000;15.930899;140.485005;,
  0.000000;16.253499;143.767002;,
  4.592890;18.491501;145.142003;,
  -3.577580;18.372998;140.444006;,
  0.000000;17.102699;148.712000;,
  2.804030;17.923800;149.031002;,
  4.949140;21.921699;149.438003;,
  8.329270;20.777501;144.470989;,
  -2.804030;17.923800;149.031002;,
  -1.534980;18.512301;152.008998;,
  0.000000;17.850901;152.093005;,
  1.534980;18.512301;152.008998;,
  3.450820;22.556200;151.391002;,
  -3.450820;22.556200;151.392000;,
  -2.655950;21.144600;157.750003;,
  0.000000;20.238200;158.100006;,
  2.655950;21.144600;157.750003;,
  -7.473430;24.089198;153.037005;,
  -9.473980;28.812598;158.251008;,
  -4.162520;27.705600;159.057997;,
  -3.192890;30.428000;160.863002;,
  -3.338620;24.457600;161.449011;,
  0.000000;22.997400;162.643008;,
  3.338620;24.457600;161.449011;,
  4.162520;27.705600;159.057997;,
  -13.109100;29.365299;157.419008;,
  -10.354299;34.256099;161.969997;,
  -5.516690;33.332099;163.621005;,
  -2.997570;31.764499;162.373990;,
  -2.132630;27.122000;164.921997;,
  -16.614402;35.750998;159.918003;,
  -14.504600;36.301798;160.876006;,
  -10.185001;38.585603;163.201997;,
  -8.532250;35.878202;165.383002;,
  -6.776800;34.222198;163.891008;,
  -4.812370;34.810502;167.123994;,
  -4.014430;33.735101;167.098010;,
  0.000000;34.352403;168.427994;,
  -2.584190;31.675802;167.536998;,
  -1.727920;29.823402;166.076006;,
  0.000000;26.992499;165.784998;,
  2.132630;27.122000;164.921997;,
  3.192890;30.428000;160.863002;,
  0.000000;29.875402;167.227008;,
  1.727920;29.823402;166.076006;,
  2.997570;31.764499;162.373990;,
  5.516690;33.332099;163.304000;,
  7.644050;25.089400;154.040998;,
  0.000000;32.648400;168.113011;,
  2.584190;31.675802;167.536998;,
  4.014430;33.735101;167.098010;,
  4.812370;34.810502;167.123994;,
  6.776800;34.222198;163.891008;,
  10.354299;34.256099;161.969997;,
  11.729900;26.414000;154.626995;,
  8.532250;35.878202;165.383002;,
  10.185001;38.585603;163.201997;,
  14.504600;36.301798;160.876006;,
  16.614402;35.750998;159.918003;,
  -15.091699;-59.703002;42.554698;,
  -12.554300;-58.737402;42.351299;,
  -18.801099;-55.852301;42.387600;,
  -18.490901;-60.385299;41.155200;,
  -20.214400;-56.222003;39.714499;,
  -19.571699;-58.367501;36.465101;,
  -18.650699;-62.975200;38.497299;,
  -14.373800;-58.694502;34.194400;,
  -16.082600;-66.603501;44.829699;,
  -15.879200;-68.034400;43.969898;,
  -13.778901;-63.656896;37.603002;,
  -10.809000;-61.430304;39.969699;,
  -10.273600;-54.823603;36.303600;,
  -10.597600;-53.928301;40.501398;,
  -12.554300;-58.737402;42.351299;,
  -14.370499;-65.552102;45.427600;,
  -13.623701;-69.863501;49.000899;,
  -13.306400;-68.504205;43.242803;,
  -11.749601;-66.916000;44.315299;,
  -12.171600;-65.415200;45.148400;,
  -15.091699;-59.703002;42.554698;,
  -14.370499;-65.552102;45.427600;,
  -7.473430;24.089198;153.037005;,
  -3.450820;22.556200;151.392000;,
  -5.560050;20.984101;152.186995;,
  -9.894560;18.810499;151.860992;,
  -11.534900;20.502400;152.871002;,
  -14.832699;16.554400;151.207987;,
  -14.135101;15.876600;150.528000;,
  -16.826000;13.785499;149.264998;,
  -14.830101;15.477299;152.548992;,
  -14.080101;14.708800;152.052006;,
  -14.135101;15.876600;150.528000;,
  -11.295800;19.436301;155.755008;,
  -7.035680;24.019699;157.723008;,
  -3.915680;20.681299;156.649997;,
  -9.572160;17.304800;154.935002;,
  -9.894560;18.810499;151.860992;,
  -4.162520;27.705600;159.057997;,
  -2.655950;21.144600;157.750003;,
  -3.450820;22.556200;151.392000;,
  -5.560050;20.984101;152.186995;,
  -24.694099;37.035901;136.070003;,
  -27.639200;38.717098;134.427008;,
  -23.284200;42.471501;139.667994;,
  -27.063101;44.593200;137.274995;,
  -33.479402;42.353402;130.397005;,
  -33.808400;46.937901;130.677990;,
  -36.790902;44.198701;129.104998;,
  -39.040298;48.330602;128.845990;,
  -37.480800;44.811699;128.296998;,
  -25.191099;46.112499;142.032000;,
  -28.713200;49.393699;138.179994;,
  -35.568598;51.438499;131.261005;,
  -40.660800;52.523398;134.765005;,
  -43.879002;49.575699;131.867994;,
  -39.526797;47.931802;128.026995;,
  -40.249501;47.666198;126.825997;,
  -38.695098;44.118998;126.189005;,
  -31.852301;50.866099;145.242010;,
  -35.169101;53.222000;140.108992;,
  -40.650502;47.029702;143.350003;,
  -44.312800;48.338000;138.975002;,
  -28.946301;47.125402;153.651994;,
  -37.904899;45.306800;147.373990;,
  -21.702200;49.402899;152.132992;,
  -25.806101;41.914000;158.567987;,
  -30.166202;39.790198;157.086003;,
  -34.248099;41.943402;153.200998;,
  -39.164099;36.927200;146.490995;,
  -42.679699;39.395600;142.214003;,
  -45.601501;41.839200;138.964006;,
  -19.069200;45.103802;158.768998;,
  -22.368602;38.137901;160.132992;,
  -25.853301;36.477200;158.933005;,
  -29.097600;35.888400;157.341005;,
  -34.619203;35.623901;151.977011;,
  -38.525901;32.057398;143.120998;,
  -41.401798;33.846000;138.994995;,
  -17.911301;41.122298;160.597005;,
  -16.614402;35.750998;159.918003;,
  -20.662701;33.714000;158.852006;,
  -24.118499;31.899101;157.451008;,
  -27.618499;30.730400;155.375002;,
  -32.133498;30.238899;150.376998;,
  -33.741901;27.843101;140.268992;,
  -38.410099;29.437699;135.673997;,
  -15.602800;29.529101;157.113011;,
  -18.535499;29.362301;156.456998;,
  -22.624501;26.357800;150.921997;,
  -28.080499;27.359699;150.787994;,
  -26.215099;26.788901;141.149990;,
  -30.332701;28.293802;137.280000;,
  -35.534000;29.716298;132.867994;,
  -40.652800;32.236000;132.257997;,
  -41.426102;34.593200;134.402995;,
  -21.937200;24.754101;143.496000;,
  -25.383000;31.211699;135.959002;,
  -28.192701;32.245997;133.816998;,
  -33.003398;33.163299;130.468006;,
  -37.776698;33.679798;129.947994;,
  -38.424800;32.636902;128.772992;,
  -41.256198;30.916800;131.117990;,
  -42.893501;34.328301;133.716992;,
  -24.694099;37.035901;136.070003;,
  -27.639200;38.717098;134.427008;,
  -33.479402;42.353402;130.397005;,
  -36.633398;36.949101;129.975002;,
  -37.437802;36.879699;128.350003;,
  -38.301898;33.590998;127.439002;,
  -42.638499;30.626099;130.848013;,
  -44.003200;34.376499;132.440000;,
  -36.790902;44.198701;129.104998;,
  -37.393501;41.072102;128.001011;,
  -38.156301;37.291600;126.736998;,
  -40.989898;36.738099;123.408000;,
  -42.245802;33.886502;123.844006;,
  -45.470701;31.965002;126.632998;,
  -46.805200;34.158598;127.828006;,
  -37.480800;44.811699;128.296998;,
  -38.695098;44.118998;126.189005;,
  -38.537699;40.868301;126.640000;,
  -39.989898;40.421798;122.344998;,
  -39.547600;39.957299;120.570995;,
  -42.842602;35.955798;122.224000;,
  -47.202301;34.763002;124.288998;,
  -48.233101;35.853600;128.293005;,
  -39.799600;42.450598;122.538995;,
  -39.100301;43.676800;120.844006;,
  -42.389402;44.052602;116.938010;,
  -43.012698;40.034899;117.228992;,
  -47.246102;35.401299;120.904998;,
  -50.746102;33.524400;122.883008;,
  -49.562800;35.147299;129.393011;,
  -45.692000;36.826598;134.658010;,
  -44.844602;36.862598;134.684992;,
  -47.193901;44.143101;115.632000;,
  -47.992298;39.910301;115.974003;,
  -51.753200;35.876598;119.233997;,
  -54.288102;34.803398;120.787008;,
  -56.241798;36.920502;127.677005;,
  -53.962797;39.409802;134.332006;,
  -47.240800;36.009101;135.543002;,
  -54.364800;41.417501;113.559002;,
  -57.718899;38.017699;115.450995;,
  -59.854899;37.353802;117.154995;,
  -57.170797;36.531398;125.368998;,
  -60.900902;41.175901;128.964006;,
  -57.027597;39.907798;131.950003;,
  -53.442502;45.239498;113.302003;,
  -60.866598;45.592099;107.895002;,
  -64.541600;41.691501;109.052006;,
  -66.266797;41.898701;108.824000;,
  -69.708301;43.068803;112.588992;,
  -62.639200;39.993197;120.810995;,
  -59.924096;48.052701;108.114995;,
  -25.383000;31.211699;135.959002;,
  -24.694099;37.035901;136.070003;,
  -25.293301;33.620202;131.884006;,
  -23.650200;38.301101;131.445005;,
  -21.705600;45.285901;135.468006;,
  -23.284200;42.471501;139.667994;,
  -21.309000;50.477200;139.686003;,
  -25.191099;46.112499;142.032000;,
  -17.764400;49.996400;150.422003;,
  -21.702200;49.402899;152.132992;,
  -20.896901;36.900099;127.296998;,
  -20.528200;38.530899;130.197005;,
  -17.531800;48.735501;132.024000;,
  -15.169200;54.321203;135.032000;,
  -11.810600;52.484902;146.705997;,
  -10.033000;49.654800;156.514995;,
  -16.233499;45.905101;158.266995;,
  -19.069200;45.103802;158.768998;,
  -15.583800;49.321498;126.263002;,
  -11.625800;55.333600;126.620006;,
  -6.623190;58.192403;133.970995;,
  -6.075140;54.378598;144.432998;,
  -3.995050;54.687597;152.735002;,
  -7.162650;52.213299;154.621005;,
  -18.272600;41.020301;118.580006;,
  -14.676501;49.489699;118.376998;,
  -10.211100;55.978202;118.832998;,
  -5.663480;58.474298;126.474995;,
  6.623190;58.192403;133.970995;,
  6.075140;54.378598;144.432998;,
  0.000000;56.089696;151.266995;,
  -15.543000;47.145802;113.714995;,
  -8.417510;54.930400;113.115994;,
  -4.406520;58.995603;114.110003;,
  -5.084410;59.342298;119.408998;,
  5.663480;58.474298;126.474995;,
  5.084410;59.342298;119.408998;,
  4.406520;58.995603;114.110003;,
  10.211100;55.978202;118.832998;,
  5.663480;58.474298;126.474995;,
  11.625800;55.333600;126.620006;,
  15.169200;54.321203;135.032000;,
  8.417510;54.930400;113.115994;,
  14.676501;49.489699;118.376998;,
  15.583800;49.321498;126.263002;,
  17.531800;48.735501;132.024000;,
  21.309000;50.477200;139.686003;,
  11.810600;52.484902;146.705997;,
  3.995050;54.687597;152.735002;,
  15.543000;47.145802;113.714995;,
  18.272600;41.020301;118.580006;,
  20.896901;36.900099;127.296998;,
  20.528200;38.530899;130.197005;,
  21.705600;45.285901;135.468006;,
  23.284200;42.471402;139.667994;,
  25.191099;46.112499;142.032000;,
  17.764400;49.996400;150.422003;,
  23.650200;38.301101;131.445005;,
  24.694099;37.035802;136.070003;,
  25.293301;33.620202;131.884006;,
  25.383101;31.211600;135.959002;,
  21.702101;49.402899;152.132992;,
  16.233499;45.905101;158.266995;,
  10.033000;49.654800;156.514995;,
  7.162650;52.213299;154.621005;,
  19.069099;45.103802;158.768998;,
  15.454800;42.810602;160.408000;,
  11.734700;45.872899;160.229990;,
  17.911301;41.122298;160.597005;,
