xof 0303txt 0032
template ColorRGBA {
 <35ff44e0-6c7c-11cf-8f52-0040333594a3>
 FLOAT red;
 FLOAT green;
 FLOAT blue;
 FLOAT alpha;
}

template ColorRGB {
 <d3e16e81-7835-11cf-8f52-0040333594a3>
 FLOAT red;
 FLOAT green;
 FLOAT blue;
}

template Material {
 <3d82ab4d-62da-11cf-ab39-0020af71e433>
 ColorRGBA faceColor;
 FLOAT power;
 ColorRGB specularColor;
 ColorRGB emissiveColor;
 [...]
}

template TextureFilename {
 <a42790e1-7810-11cf-8f52-0040333594a3>
 STRING filename;
}

template Frame {
 <3d82ab46-62da-11cf-ab39-0020af71e433>
 [...]
}

template Matrix4x4 {
 <f6f23f45-7686-11cf-8f52-0040333594a3>
 array FLOAT matrix[16];
}

template FrameTransformMatrix {
 <f6f23f41-7686-11cf-8f52-0040333594a3>
 Matrix4x4 frameMatrix;
}

template Vector {
 <3d82ab5e-62da-11cf-ab39-0020af71e433>
 FLOAT x;
 FLOAT y;
 FLOAT z;
}

template MeshFace {
 <3d82ab5f-62da-11cf-ab39-0020af71e433>
 DWORD nFaceVertexIndices;
 array DWORD faceVertexIndices[nFaceVertexIndices];
}

template Mesh {
 <3d82ab44-62da-11cf-ab39-0020af71e433>
 DWORD nVertices;
 array Vector vertices[nVertices];
 DWORD nFaces;
 array MeshFace faces[nFaces];
 [...]
}

template MeshNormals {
 <f6f23f43-7686-11cf-8f52-0040333594a3>
 DWORD nNormals;
 array Vector normals[nNormals];
 DWORD nFaceNormals;
 array MeshFace faceNormals[nFaceNormals];
}

template MeshMaterialList {
 <f6f23f42-7686-11cf-8f52-0040333594a3>
 DWORD nMaterials;
 DWORD nFaceIndexes;
 array DWORD faceIndexes[nFaceIndexes];
 [Material <3d82ab4d-62da-11cf-ab39-0020af71e433>]
}

template Coords2d {
 <f6f23f44-7686-11cf-8f52-0040333594a3>
 FLOAT u;
 FLOAT v;
}

template MeshTextureCoords {
 <f6f23f40-7686-11cf-8f52-0040333594a3>
 DWORD nTextureCoords;
 array Coords2d textureCoords[nTextureCoords];
}

template XSkinMeshHeader {
 <3cf169ce-ff7c-44ab-93c0-f78f62d172e2>
 WORD nMaxSkinWeightsPerVertex;
 WORD nMaxSkinWeightsPerFace;
 WORD nBones;
}

template SkinWeights {
 <6f0d123b-bad2-4167-a0d0-80224f25fabb>
 STRING transformNodeName;
 DWORD nWeights;
 array DWORD vertexIndices[nWeights];
 array FLOAT weights[nWeights];
 Matrix4x4 matrixOffset;
}

template AnimTicksPerSecond {
 <9e415a43-7ba6-4a73-8743-b73d47e88476>
 DWORD AnimTicksPerSecond;
}

template Animation {
 <3d82ab4f-62da-11cf-ab39-0020af71e433>
 [...]
}

template AnimationSet {
 <3d82ab50-62da-11cf-ab39-0020af71e433>
 [Animation <3d82ab4f-62da-11cf-ab39-0020af71e433>]
}

template FloatKeys {
 <10dd46a9-775b-11cf-8f52-0040333594a3>
 DWORD nValues;
 array FLOAT values[nValues];
}

template TimedFloatKeys {
 <f406b180-7b3b-11cf-8f52-0040333594a3>
 DWORD time;
 FloatKeys tfkeys;
}

template AnimationKey {
 <10dd46a8-775b-11cf-8f52-0040333594a3>
 DWORD keyType;
 DWORD nKeys;
 array TimedFloatKeys keys[nKeys];
}


Material DefaultMaterial {
 1.000000;1.000000;1.000000;1.000000;;
 0.000000;
 0.000000;0.000000;0.000000;;
 0.000000;0.000000;0.000000;;

 TextureFilename {
  "red_superminion_TX_CM.dds";
 }
}

Frame Root {
 

 FrameTransformMatrix {
  0.392748,-0.000020,0.027375,0.000000,0.027370,-0.007243,-0.392681,0.000000,0.000523,0.393634,-0.007224,0.000000,1.574803,35.642598,-4.893031,1.000000;;
 }

 Frame Pelvis {
  

  FrameTransformMatrix {
   0.999901,-0.013578,0.003844,0.000000,0.014111,0.960433,-0.278154,0.000000,0.000084,0.278180,0.960529,0.000000,0.000000,0.000000,-20.372994,1.000000;;
  }

  Frame L_Hip {
   

   FrameTransformMatrix {
    -0.106446,0.972893,-0.205300,0.000000,-0.992210,-0.090491,0.085624,0.000000,0.064725,0.212815,0.974947,0.000000,-27.759702,-2.725931,-8.370205,1.000000;;
   }

   Frame L_Knee {
    

    FrameTransformMatrix {
     -0.143042,-0.000009,0.989717,0.000000,-0.000122,1.000000,-0.000009,0.000000,-0.989717,-0.000122,-0.143042,0.000000,-33.796304,0.000002,-0.000008,1.000000;;
    }

    Frame L_Foot {
     

     FrameTransformMatrix {
      0.989904,0.106633,0.093385,0.000000,-0.105510,0.994275,-0.016893,0.000000,-0.094651,0.006870,0.995487,0.000000,-45.089101,0.000000,0.000004,1.000000;;
     }

     Frame L_Toe {
      

      FrameTransformMatrix {
       1.000000,0.000086,-0.000086,0.000000,-0.000086,1.000000,0.000086,0.000000,0.000086,-0.000086,1.000000,0.000000,-13.588000,0.000000,0.000004,1.000000;;
      }
     }

     Frame L_Heel {
      

      FrameTransformMatrix {
       0.705185,0.000113,-0.709023,0.000000,-0.000047,1.000000,0.000113,0.000000,0.709023,-0.000047,0.705185,0.000000,26.463699,-0.000002,-1.176891,1.000000;;
      }
     }
    }
   }
  }

  Frame R_Hip {
   

   FrameTransformMatrix {
    -0.034320,-0.237081,-0.970884,0.000000,-0.995457,-0.078214,0.054287,0.000000,-0.088807,0.968336,-0.233320,0.000000,27.759699,-2.725942,-8.370232,1.000000;;
   }

   Frame R_Knee {
    

    FrameTransformMatrix {
     0.100952,0.000006,0.994891,0.000000,-0.000122,1.000000,0.000006,0.000000,-0.994891,-0.000122,0.100952,0.000000,33.796294,-0.000002,0.000000,1.000000;;
    }

    Frame R_Foot {
     

     FrameTransformMatrix {
      0.935366,0.004331,0.353656,0.000000,0.022319,0.997210,-0.071242,0.000000,-0.352977,0.074531,0.932659,0.000000,45.089107,0.000000,-0.000002,1.000000;;
     }

     Frame R_Toe {
      

      FrameTransformMatrix {
       1.000000,0.000086,-0.000086,0.000000,-0.000086,1.000000,0.000086,0.000000,0.000086,-0.000086,1.000000,0.000000,13.587901,0.000000,-0.000040,1.000000;;
      }
     }

     Frame R_Heel {
      

      FrameTransformMatrix {
       -0.037603,-0.000122,-0.999293,0.000000,-0.000002,1.000000,-0.000122,0.000000,0.999293,-0.000002,-0.037603,0.000000,-22.304598,0.000032,5.942997,1.000000;;
      }
     }
    }
   }
  }
 }

 Frame Root_Minion {
  

  FrameTransformMatrix {
   -1.000000,0.000086,-0.000087,0.000000,-0.000086,-1.000000,-0.000087,0.000000,-0.000087,-0.000087,1.000000,0.000000,0.000000,-0.560390,8.157997,1.000000;;
  }

  Frame Spine1 {
   

   FrameTransformMatrix {
    0.996451,-0.084170,-0.000090,0.000000,0.084170,0.996451,0.000083,0.000000,0.000083,-0.000090,1.000000,0.000000,0.000000,-0.389030,12.098503,1.000000;;
   }

   Frame Head {
    

    FrameTransformMatrix {
     0.988132,0.153599,-0.001397,0.000000,-0.152458,0.979597,-0.130942,0.000000,-0.018744,0.129601,0.991389,0.000000,-0.033830,-1.318900,17.523003,1.000000;;
    }

    Frame Hood1 {
     

     FrameTransformMatrix {
      -0.000225,-0.908996,0.416805,0.000000,1.000000,-0.000225,0.000049,0.000000,0.000049,0.416805,0.908996,0.000000,0.000000,2.919510,13.148308,1.000000;;
     }

     Frame Hood2 {
      

      FrameTransformMatrix {
       0.954522,0.000098,-0.298141,0.000000,-0.000072,1.000000,0.000098,0.000000,0.298141,-0.000072,0.954522,0.000000,-14.500000,-0.000000,0.000000,1.000000;;
      }

      Frame Hood3 {
       

       FrameTransformMatrix {
        0.932763,0.002275,0.360484,0.000000,-0.021984,0.998478,0.050582,0.000000,-0.359820,-0.055106,0.931393,0.000000,-14.499997,0.000000,0.000000,1.000000;;
       }
      }
     }
    }

    Frame C_Buffbone_Glb_Head_Loc {
     

     FrameTransformMatrix {
      1.000000,0.000086,-0.000086,0.000000,-0.000086,1.000000,0.000086,0.000000,0.000086,-0.000086,1.000000,0.000000,-0.010000,0.000002,0.000000,1.000000;;
     }
    }
   }

   Frame L_Clavicle {
    

    FrameTransformMatrix {
     1.000000,0.000086,-0.000086,0.000000,-0.000086,1.000000,0.000086,0.000000,0.000086,-0.000086,1.000000,0.000000,3.965630,-3.099889,7.790482,1.000000;;
    }

    Frame L_Shoulder {
     

     FrameTransformMatrix {
      -0.226199,0.735629,0.638501,0.000000,-0.233805,-0.677331,0.697537,0.000000,0.945605,0.008498,0.325206,0.000000,5.780560,4.318092,-0.982079,1.000000;;
     }

     Frame L_Elbow {
      

      FrameTransformMatrix {
       0.352610,-0.935487,-0.023019,0.000000,0.918216,0.350633,-0.184215,0.000000,0.180402,0.043819,0.982616,0.000000,-11.999992,0.000008,0.000004,1.000000;;
      }

      Frame L_Hand {
       

       FrameTransformMatrix {
        0.959489,0.231766,0.160202,0.000000,-0.281075,0.748230,0.600956,0.000000,0.019413,-0.621640,0.783062,0.000000,-12.499992,0.000000,0.000000,1.000000;;
       }
      }
     }
    }
   }

   Frame C_Buffbone_Glb_Chest_Loc {
    

    FrameTransformMatrix {
     1.000000,0.000086,-0.000086,0.000000,-0.000086,1.000000,0.000086,0.000000,0.000086,-0.000086,1.000000,0.000000,-0.010000,0.000000,0.000008,1.000000;;
    }
   }

   Frame Cape1 {
    

    FrameTransformMatrix {
     0.153414,-0.987236,-0.042758,0.000000,0.988131,0.153608,-0.001287,0.000000,0.007839,-0.042053,0.999085,0.000000,0.000000,9.406350,12.368401,1.000000;;
    }

    Frame Cape2 {
     

     FrameTransformMatrix {
      1.000000,0.000086,-0.000086,0.000000,-0.000086,1.000000,0.000086,0.000000,0.000086,-0.000086,1.000000,0.000000,-23.832000,0.000000,0.000008,1.000000;;
     }

     Frame Cape3 {
      

      FrameTransformMatrix {
       0.989399,-0.019752,-0.143872,0.000000,-0.010333,0.978621,-0.205414,0.000000,0.144853,0.204723,0.968042,0.000000,-21.678301,0.000000,0.000000,1.000000;;
      }

      Frame R_Cape4 {
       

       FrameTransformMatrix {
        0.921070,0.389397,-0.000067,0.000000,-0.389397,0.921070,0.000102,0.000000,0.000102,-0.000067,1.000000,0.000000,-0.612602,-14.538403,0.000008,1.000000;;
       }
      }

      Frame L_Cape4 {
       

       FrameTransformMatrix {
        -0.911488,0.389685,-0.131664,0.000000,0.398722,0.915703,-0.050085,0.000000,0.101048,-0.098149,-0.990028,0.000000,-0.612564,14.538296,-0.000427,1.000000;;
       }
      }
     }
    }
   }

   Frame R_Clavicle {
    

    FrameTransformMatrix {
     0.878454,0.471581,0.077005,0.000000,0.472981,-0.881072,0.000061,0.000000,0.067876,0.036368,-0.997031,0.000000,-3.965630,-3.099931,7.790253,1.000000;;
    }

    Frame R_Shoulder {
     

     FrameTransformMatrix {
      -0.618086,0.723606,0.307187,0.000000,-0.535542,-0.673655,0.509297,0.000000,0.575468,0.150278,0.803899,0.000000,-5.780562,-4.318100,0.981751,1.000000;;
     }

     Frame R_Elbow {
      

      FrameTransformMatrix {
       0.595164,-0.802364,-0.044620,0.000000,0.791467,0.594885,-0.140330,0.000000,0.139140,0.048204,0.989099,0.000000,12.000000,0.000000,0.000008,1.000000;;
      }

      Frame R_Hand {
       

       FrameTransformMatrix {
        0.995255,-0.027115,-0.093445,0.000000,0.093842,0.521236,0.848238,0.000000,0.025707,-0.852982,0.521307,0.000000,12.500000,0.000000,-0.000008,1.000000;;
       }
      }
     }
    }
   }
  }

  Frame Ball {
   

   FrameTransformMatrix {
    -1.000000,0.000086,-0.000087,0.000000,-0.000086,-1.000000,-0.000087,0.000000,-0.000087,-0.000087,1.000000,0.000000,-0.000000,-26.407302,18.254997,1.000000;;
   }
  }
 }

 Frame R_Side {
  

  FrameTransformMatrix {
   0.997568,-0.000083,0.069701,0.000000,-0.000089,-1.000000,0.000087,0.000000,0.069701,-0.000093,-0.997568,0.000000,36.553299,-5.815040,0.865875,1.000000;;
  }

  Frame R_RoboArm {
   

   FrameTransformMatrix {
    0.960517,-0.030647,-0.276528,0.000000,0.053544,0.995697,0.075634,0.000000,0.273020,-0.087454,0.958025,0.000000,43.631802,16.686800,-13.420594,1.000000;;
   }
  }
 }

 Frame L_Side {
  

  FrameTransformMatrix {
   0.997556,0.000089,-0.069874,0.000000,-0.000083,1.000000,0.000089,0.000000,0.069874,-0.000083,0.997556,0.000000,-36.974496,-6.027249,0.968369,1.000000;;
  }

  Frame L_RoboArm {
   

   FrameTransformMatrix {
    0.992326,-0.024550,-0.121189,0.000000,0.031425,0.997984,0.055144,0.000000,0.119591,-0.058529,0.991097,0.000000,-38.993898,-31.511898,23.486595,1.000000;;
   }

   Frame L_RoboFirst {
    

    FrameTransformMatrix {
     1.000000,0.000086,-0.000086,0.000000,-0.000086,1.000000,0.000086,0.000000,0.000086,-0.000086,1.000000,0.000000,-9.218590,58.729197,-4.068901,1.000000;;
    }
   }
  }

  Frame L_Beam {
   

   FrameTransformMatrix {
    0.690215,0.585612,-0.425044,0.000000,-0.657998,0.752341,-0.031951,0.000000,0.301067,0.301731,0.904609,0.000000,0.000000,0.000000,0.000000,1.000000;;
   }

   Frame L_RoboGear {
    

    FrameTransformMatrix {
     1.000000,0.000086,-0.000086,0.000000,-0.000086,1.000000,0.000086,0.000000,0.000086,-0.000086,1.000000,0.000000,-33.371805,1.322239,1.560326,1.000000;;
    }
   }
  }
 }

 Frame Front_Shield {
  

  FrameTransformMatrix {
   1.000000,0.000086,-0.000086,0.000000,-0.000086,1.000000,0.000086,0.000000,0.000086,-0.000086,1.000000,0.000000,0.000000,40.401200,-8.412041,1.000000;;
  }
 }
}

Frame Model {
 

 FrameTransformMatrix {
  0.393701,0.000000,0.000000,0.000000,0.000000,-0.000000,-0.393701,0.000000,0.000000,0.393701,-0.000000,0.000000,0.000000,0.000000,0.000000,1.000000;;
 }

 Mesh Model {
  2242;
  -19.865200;-19.686800;130.427994;,
  -19.166200;-19.222701;131.522995;,
  -18.241501;-13.462101;130.020006;,
  -17.584000;-13.341800;131.156006;,
  -16.256800;-5.842840;129.393997;,
  -15.698301;-6.022090;130.477005;,
  -14.032099;-0.482050;130.311002;,
  -14.581101;-0.013520;129.220006;,
  -12.555801;5.862740;130.809011;,
  -13.070500;6.477130;129.968998;,
  -13.974301;-17.173800;132.238003;,
  -12.696800;-8.508260;132.024998;,
  -11.613500;-1.962620;131.436992;,
  -10.635000;4.218870;131.195008;,
  -9.449920;11.348200;132.154010;,
  -11.179100;16.760701;131.738995;,
  -16.499301;-22.060101;131.427994;,
  -13.557701;-24.991699;132.940992;,
  -8.661510;-22.432800;132.110989;,
  -8.024380;-12.704500;132.232998;,
  -7.639460;-5.157320;131.686003;,
  -6.975270;0.772170;131.085005;,
  -17.064301;-22.689600;130.317005;,
  -13.947200;-25.484600;132.001997;,
  -10.667000;-28.378400;131.613005;,
  -7.915130;-32.615699;133.175002;,
  -1.493430;-26.388398;133.811994;,
  -0.576720;-15.512600;133.485005;,
  -19.865200;-19.686800;130.427994;,
  -10.940600;-28.884499;130.425997;,
  -8.114510;-33.131002;132.207002;,
  -5.397840;-36.520000;133.074995;,
  -2.460670;-40.775901;134.132006;,
  1.840830;-36.873600;133.597005;,
  5.431190;-31.965101;134.225997;,
  6.907770;-20.821400;133.125005;,
  -5.480130;-37.075901;131.990003;,
  -2.347570;-41.166400;132.994995;,
  -8.061790;16.619400;132.574003;,
  -4.459790;13.312801;131.820006;,
  -5.708450;7.546360;131.344998;,
  -0.011830;11.470899;131.785997;,
  -0.017110;5.311370;131.988006;,
  5.609410;7.671630;131.296000;,
  4.432360;13.383500;131.852006;,
  9.323399;11.469200;132.128000;,
  8.049260;16.628701;132.582003;,
  -0.030700;-1.303020;131.232000;,
  6.767290;0.866770;130.977011;,
  10.379400;4.303150;131.102003;,
  12.271100;5.870810;130.697011;,
  11.356800;13.474800;131.878003;,
  10.405501;18.998200;132.429990;,
  -0.053750;-7.338830;132.384000;,
  7.367200;-5.156750;131.645005;,
  11.258600;-2.003870;131.335002;,
  13.583499;-0.543500;130.205990;,
  14.154899;-0.107430;129.264998;,
  12.781700;6.456690;129.962010;,
  7.357020;-11.882700;132.626995;,
  12.275800;-8.332559;132.076006;,
  15.309701;-6.088600;130.442995;,
  15.861301;-5.918550;129.432998;,
  13.037300;-15.582301;132.828992;,
  17.023600;-12.890700;131.304000;,
  17.694099;-13.022101;130.232998;,
  18.357000;-18.116899;131.867008;,
  19.051901;-18.549400;130.864000;,
  12.044700;-22.939600;133.962995;,
  15.479299;-20.073099;132.125005;,
  8.408359;-25.909600;132.538995;,
  12.416500;-23.346000;133.139994;,
  15.994200;-20.558701;131.089997;,
  19.051901;-18.549400;130.864000;,
  8.800440;-26.723699;131.865011;,
  5.617080;-32.427898;133.254003;,
  1.950700;-37.248797;132.559002;,
  -2.347570;-41.166400;132.994995;,
  11.742800;14.323800;131.112000;,
  10.748600;20.050800;131.429990;,
  0.000000;34.692502;141.792998;,
  -1.958300;37.685101;142.938010;,
  0.000000;39.209901;140.502003;,
  -3.554480;36.152000;142.389005;,
  -5.032630;34.514701;140.520000;,
  -6.965860;35.150099;140.582989;,
  -6.956450;34.882198;137.343002;,
  -8.018930;35.347501;138.701990;,
  -8.308360;35.688701;136.584000;,
  -5.091200;36.040400;130.843008;,
  0.000000;36.818000;134.929997;,
  0.000000;35.701600;128.293005;,
  -4.162060;39.601101;127.712000;,
  -8.368321;37.137798;130.565005;,
  -9.046860;35.773699;134.257997;,
  -8.308360;35.688701;136.584000;,
  0.000000;40.789798;127.276006;,
  -4.390110;40.047101;122.555994;,
  -7.619430;38.035901;123.704000;,
  -12.201700;35.362899;123.911002;,
  -14.265800;33.490899;129.032000;,
  -13.791600;32.910000;123.696000;,
  -14.875901;31.278400;127.501005;,
  0.000000;41.346298;122.053005;,
  -4.327340;39.784000;118.152998;,
  -7.330220;38.801798;118.691008;,
  -11.497100;36.070800;119.272998;,
  -12.970101;33.069302;120.134003;,
  0.000000;41.510400;117.821005;,
  0.000000;41.011901;113.998003;,
  -4.624640;39.766800;113.717005;,
  -7.568500;38.397498;113.684992;,
  -11.817300;35.834899;114.043994;,
  -13.180500;31.038202;115.164006;,
  0.000000;41.486301;107.213997;,
  -5.475630;39.745498;105.769997;,
  -8.621980;37.054298;107.024000;,
  -11.152001;34.643101;106.870003;,
  -13.193200;30.477200;107.160006;,
  -13.881699;25.109301;113.961997;,
  -14.186901;24.690299;107.078003;,
  -13.396200;19.781602;114.362995;,
  -7.162550;39.799098;94.541997;,
  -9.976220;37.731603;97.640998;,
  -12.204500;34.993802;99.229696;,
  -14.791200;30.798899;99.651296;,
  -16.209499;24.558901;100.516000;,
  -13.779800;19.487899;105.959002;,
  0.000000;41.542301;89.991603;,
  -15.982600;18.632400;99.392301;,
  -12.311100;14.158499;103.198995;,
  -11.199799;15.470499;113.373005;,
  -13.410200;16.905198;119.617997;,
  -10.858600;15.043899;119.174003;,
  -12.441100;13.592101;125.099994;,
  -14.409501;16.298501;124.547994;,
  -14.707200;13.091900;96.231501;,
  -13.292100;8.831620;94.715104;,
  -7.026650;7.490080;101.866995;,
  -6.287400;10.087200;111.760998;,
  -5.797430;10.489600;118.152998;,
  -5.561850;9.840230;123.174003;,
  -10.415399;13.966800;128.195008;,
  -14.188699;17.516501;129.820006;,
  -16.311701;18.736200;128.490995;,
  -6.806170;1.888220;94.448499;,
  0.000000;1.220050;98.214106;,
  0.000000;6.165450;104.296000;,
  0.000000;8.076810;111.741990;,
  0.000000;8.672030;117.316006;,
  0.000000;8.964940;122.864998;,
  -10.866100;3.384250;91.996397;,
  -12.293500;16.498800;131.253005;,
  -9.623830;13.748800;131.529011;,
  -5.109510;10.613300;131.083994;,
  -5.288890;10.094499;126.748006;,
  0.000000;9.231810;126.905997;,
  0.000000;9.491410;131.126003;,
  -31.336301;29.271901;114.376998;,
  -30.802301;28.388301;112.528998;,
  -32.520301;29.942602;112.152000;,
  -33.330602;30.336000;113.897997;,
  -33.874400;29.273898;115.699994;,
  -31.923699;28.950301;116.373005;,
  -32.851200;26.820499;118.081997;,
  -35.041901;26.817899;117.088000;,
  -35.411299;24.403299;117.418995;,
  -33.175398;23.390301;117.911002;,
  -34.251302;31.156099;112.455002;,
  -35.844301;30.908301;113.057997;,
  -35.377498;29.822598;114.592998;,
  -37.165402;27.046602;116.147008;,
  -33.335802;30.804499;110.886003;,
  -35.351898;32.191398;110.771008;,
  -36.626800;31.718400;111.327002;,
  -37.480499;29.844000;112.188006;,
  -38.551498;28.882899;113.438003;,
  -39.601398;27.069200;114.891994;,
  -37.492902;24.539400;116.377997;,
  -34.415600;31.618899;109.412006;,
  -36.594701;32.535901;108.547994;,
  -37.630000;32.245997;109.093005;,
  -37.758099;30.339501;110.497997;,
  -36.479101;28.039200;109.352000;,
  -38.008099;28.047501;110.968000;,
  -40.511501;28.862899;112.317005;,
  -35.938301;31.926000;107.722995;,
  -38.160899;32.504198;106.622003;,
  -38.927299;32.169898;106.783994;,
  -38.969002;31.336301;107.197997;,
  -38.333002;30.813299;108.793997;,
  -36.650800;28.891200;108.720998;,
  -37.743699;32.142602;106.136998;,
  -38.176499;31.466099;105.785005;,
  -38.365299;30.818400;106.391002;,
  -37.294602;29.921699;107.575002;,
  -39.523699;28.302701;110.527002;,
  -42.672000;28.620099;110.000000;,
  -41.476502;27.409600;113.283994;,
  -39.875600;24.759198;114.414003;,
  -41.273200;28.343299;108.895002;,
  -44.145501;28.615699;107.231002;,
  -44.660099;27.373901;107.480998;,
  -43.438202;27.253402;110.516992;,
  -41.418099;25.665899;112.419994;,
  -42.495603;28.540198;106.584998;,
  -43.827402;28.042301;104.723002;,
  -44.724400;28.117398;104.636000;,
  -45.081699;27.507699;105.092000;,
  -44.887299;26.894698;104.730003;,
  -44.269501;26.161501;107.413005;,
  -43.133098;25.808901;110.040000;,
  -43.859501;26.844800;104.764998;,
  -42.470701;26.228099;106.728998;,
  -41.288202;25.953699;108.741990;,
  -39.815699;25.589400;110.192998;,
  -40.269402;24.108600;110.150003;,
  -41.528000;24.102101;112.484006;,
  -41.330602;22.434200;113.332006;,
  -39.610598;22.562299;114.800000;,
  -37.116602;22.537800;116.151002;,
  -43.143200;23.984501;111.016000;,
  -43.151200;22.628901;111.592000;,
  -42.526099;21.164000;111.049997;,
  -40.707901;21.084200;112.520998;,
  -39.041101;21.066798;113.635008;,
  -36.725498;21.154200;115.044992;,
  -42.120800;24.022400;109.411008;,
  -44.686000;23.836099;108.834995;,
  -44.938899;22.442499;109.286003;,
  -44.201402;21.225501;108.799002;,
  -41.776298;21.313200;109.436992;,
  -40.085901;21.241699;110.372006;,
  -38.268502;21.162800;111.330995;,
  -43.443802;23.865802;107.682995;,
  -45.722000;22.966299;105.629997;,
  -45.727299;22.311101;106.304998;,
  -45.362598;21.826901;105.666003;,
  -43.116902;21.309400;107.688998;,
  -42.120800;24.022400;109.411008;,
  -40.269402;24.108600;110.150003;,
  -44.813802;23.087200;105.599002;,
  -44.569101;21.803000;105.601997;,
  -43.443802;23.865802;107.682995;,
  -44.813802;23.087200;105.599002;,
  -31.565299;22.871299;111.576000;,
  -30.839299;26.078301;111.338995;,
  -31.243699;21.688699;105.736998;,
  -30.455299;26.199400;105.309997;,
  -30.582800;21.329800;104.061997;,
  -29.788301;26.542299;103.625997;,
  -28.374800;21.812701;105.607002;,
  -27.857798;26.573099;105.327002;,
  -25.307400;26.539899;105.765997;,
  -25.471501;20.948200;106.272000;,
  -30.985798;29.971002;108.995008;,
  -30.564598;30.783200;108.143002;,
  -28.674998;30.060899;109.351002;,
  -26.210200;30.398800;109.731008;,
  -22.042200;25.026101;111.260006;,
  -22.183901;20.959299;111.792998;,
  -30.802301;28.388301;112.528998;,
  -31.935802;31.435600;112.960000;,
  -31.649200;32.405699;112.850995;,
  -29.777299;31.470502;113.811994;,
  -27.677402;31.992598;114.038003;,
  -22.642400;27.697901;113.664000;,
  -18.934798;24.670200;114.840000;,
  -18.954501;21.081000;114.931994;,
  -31.336301;29.271901;114.376998;,
  -32.840499;31.108800;116.078003;,
  -32.688000;32.075402;116.297997;,
  -30.685302;31.375402;116.921997;,
  -28.594499;31.769299;117.845005;,
  -23.429701;29.130400;116.536998;,
  -19.189800;27.415901;116.503002;,
  -31.923699;28.950301;116.373005;,
  -33.979402;29.499101;118.712000;,
  -33.904899;30.305002;119.313997;,
  -31.807699;29.689802;119.794995;,
  -30.009898;29.989600;121.600000;,
  -24.171400;29.306602;119.538995;,
  -19.630400;28.777002;118.980006;,
  -32.851200;26.820499;118.081997;,
  -34.903702;26.940701;120.156992;,
  -35.050202;27.128301;121.283994;,
  -32.746301;26.539301;121.750003;,
  -31.105302;26.456200;123.865997;,
  -25.002099;27.903200;122.329997;,
  -20.213400;29.356701;121.485005;,
  -33.175398;23.390301;117.911002;,
  -35.344701;22.925800;119.641997;,
  -35.660800;22.562000;120.886003;,
  -33.109402;22.278901;121.565005;,
  -31.473901;21.806101;123.703002;,
  -25.719901;25.170000;124.320998;,
  -33.751597;20.978000;116.440000;,
  -35.222998;19.626600;117.442995;,
  -35.269402;18.864200;118.304998;,
  -32.513101;18.895800;118.930995;,
  -30.675200;18.077101;121.207002;,
  -26.041800;21.677000;124.496000;,
  -34.381402;18.002301;114.282995;,
  -34.225200;17.048000;114.702003;,
  -31.533299;17.464800;115.459994;,
  -29.092598;16.104499;116.976998;,
  -25.375200;18.377400;122.520000;,
  -32.713299;20.420800;113.182003;,
  -33.168800;18.322099;110.696000;,
  -32.821498;17.424600;110.222003;,
  -30.299699;18.061800;111.083994;,
  -27.043200;16.420000;111.734003;,
  -22.939301;17.899400;114.816998;,
  -24.058800;16.812000;118.644992;,
  -31.565299;22.871299;111.576000;,
  -31.243699;21.688699;105.736998;,
  -30.582800;21.329800;104.061997;,
  -28.374800;21.812701;105.607002;,
  -25.471501;20.948200;106.272000;,
  -22.183901;20.959299;111.792998;,
  -18.954501;21.081000;114.931994;,
  -19.350501;18.143899;117.462003;,
  -20.239402;17.525200;120.929997;,
  -21.388200;18.826499;124.497997;,
  -21.881800;22.149901;126.267994;,
  -15.710200;21.077400;116.892992;,
  -16.148099;17.980899;119.576000;,
  -16.960600;17.370400;123.236006;,
  -18.295200;19.308000;126.524006;,
  -18.927800;22.918301;128.383002;,
  -21.643998;25.526600;125.982003;,
  -13.410200;16.905198;119.617997;,
  -14.409501;16.298501;124.547994;,
  -16.311701;18.736200;128.490995;,
  -17.251000;23.147600;130.838003;,
  -18.767299;26.563899;128.240998;,
  -20.941299;28.244198;124.160998;,
  -13.396200;19.781602;114.362995;,
  -16.766600;27.671901;130.839002;,
  -17.647699;29.826499;126.177997;,
  -16.691099;31.235501;123.154995;,
  -16.098899;30.497901;120.463002;,
  -16.032499;28.245398;118.127002;,
  -14.875901;31.278400;127.501005;,
  -13.791600;32.910000;123.696000;,
  -12.970101;33.069302;120.134003;,
  -13.180500;31.038202;115.164006;,
  -13.881699;25.109301;113.961997;,
  -15.927901;24.912501;116.648000;,
  -15.710200;21.077400;116.892992;,
  -13.396200;19.781602;114.362995;,
  -43.859501;26.844800;104.764998;,
  -43.827402;28.042301;104.723002;,
  -42.495603;28.540198;106.584998;,
  -42.470701;26.228099;106.728998;,
  -41.273200;28.343299;108.895002;,
  -41.288202;25.953699;108.741990;,
  -39.815699;25.589400;110.192998;,
  -39.523699;28.302701;110.527002;,
  -37.802800;25.786501;110.324992;,
  -37.963299;23.627899;110.533990;,
  -36.220701;21.092699;112.423002;,
  -38.008099;28.047501;110.968000;,
  -36.479101;28.039200;109.352000;,
  -35.470602;26.557301;109.884006;,
  -35.648899;23.733600;111.352000;,
  -34.369402;21.128299;113.043994;,
  -33.835398;29.248602;109.568000;,
  -32.773898;27.902301;110.456998;,
  -33.589402;23.706899;112.093005;,
  -32.713299;20.420800;113.182003;,
  -33.751597;20.978000;116.440000;,
  -34.991200;21.221000;115.779994;,
  -34.854400;29.740400;108.352000;,
  -34.415600;31.618899;109.412006;,
  -33.335802;30.804499;110.886003;,
  -32.520301;29.942602;112.152000;,
  -30.802301;28.388301;112.528998;,
  -30.839299;26.078301;111.338995;,
  -36.650800;28.891200;108.720998;,
  -36.204202;30.725002;107.135002;,
  -35.938301;31.926000;107.722995;,
  -37.294602;29.921699;107.575002;,
  -38.365299;30.818400;106.391002;,
  -38.176499;31.466099;105.785005;,
  -37.743699;32.142602;106.136998;,
  -31.565299;22.871299;111.576000;,
  0.000000;39.209901;140.502003;,
  1.958300;37.685101;142.938010;,
  0.000000;34.692502;141.792998;,
  3.554480;36.152000;142.389005;,
  5.032630;34.514701;140.520000;,
  0.000000;36.818000;134.929997;,
  6.956450;34.882198;137.343002;,
  5.091200;36.040400;130.843008;,
  0.000000;35.701600;128.293005;,
  4.162060;39.601101;127.712000;,
  0.000000;40.789798;127.276006;,
  6.882090;35.165901;140.560998;,
  8.087720;35.431802;138.645005;,
  8.308360;35.688701;136.584000;,
  14.876000;31.278400;127.501005;,
  13.791600;32.910000;123.696000;,
  14.265800;33.490899;129.032000;,
  12.201700;35.362899;123.911002;,
  8.368321;37.137798;130.565005;,
  7.619430;38.035901;123.704000;,
  9.046860;35.773699;134.257997;,
  8.308360;35.688701;136.584000;,
  12.970101;33.069302;120.134003;,
  11.497100;36.070800;119.272998;,
  7.330220;38.801798;118.691008;,
  4.390110;40.047101;122.555994;,
  0.000000;41.346298;122.053005;,
  13.180500;31.038202;115.164006;,
  11.817300;35.834899;114.043994;,
  7.568500;38.397498;113.684992;,
  4.327340;39.784000;118.152998;,
  0.000000;41.510400;117.821005;,
  0.000000;41.011901;113.998003;,
  4.624640;39.766800;113.717005;,
  0.000000;41.486301;107.213997;,
  13.193200;30.477200;107.160006;,
  11.152001;34.643101;106.870003;,
  8.621980;37.054298;107.024000;,
  13.881699;25.109301;113.961997;,
  14.186901;24.690299;107.078003;,
  16.209499;24.558901;100.516000;,
  14.791200;30.798899;99.651296;,
  12.204500;34.993802;99.229696;,
  9.976220;37.731603;97.640998;,
  5.475630;39.745498;105.769997;,
  13.396200;19.781602;114.362995;,
  13.779800;19.487899;105.959002;,
  15.982600;18.632400;99.392301;,
  12.311100;14.158499;103.198995;,
  14.707200;13.091900;96.231501;,
  13.292100;8.831620;94.715104;,
  11.199799;15.470499;113.373005;,
  6.287400;10.087200;111.760998;,
  7.026650;7.490080;101.866995;,
  6.806170;1.888220;94.448499;,
  10.866100;3.384250;91.996397;,
  13.410200;16.905198;119.617997;,
  10.858600;15.043899;119.174003;,
  5.797430;10.489600;118.152998;,
  0.000000;8.672030;117.316006;,
  0.000000;8.076810;111.741990;,
  0.000000;6.165450;104.296000;,
  0.000000;1.220050;98.214106;,
  12.441100;13.592101;125.099994;,
  5.561850;9.840230;123.174003;,
  0.000000;8.964940;122.864998;,
  14.409501;16.298501;124.547994;,
  14.188699;17.516501;129.820006;,
  10.415399;13.966800;128.195008;,
  5.288890;10.094499;126.748006;,
  0.000000;9.231810;126.905997;,
  5.109510;10.613300;131.083994;,
  0.000000;9.491410;131.126003;,
  16.311800;18.736200;128.490995;,
  9.623830;13.748800;131.529011;,
  12.293500;16.498800;131.253005;,
  7.162550;39.799098;94.541997;,
  0.000000;41.542301;89.991603;,
  30.802301;28.388301;112.528998;,
  31.336301;29.271901;114.376998;,
  32.520301;29.942602;112.152000;,
  33.330602;30.336000;113.897997;,
  34.251302;31.156099;112.455002;,
  33.335802;30.804499;110.886003;,
  35.351898;32.191398;110.771008;,
  34.415600;31.618899;109.412006;,
  36.594701;32.535901;108.547994;,
  35.938301;31.926000;107.722995;,
  33.874400;29.273898;115.699994;,
  35.377498;29.822598;114.592998;,
  35.844301;30.908301;113.057997;,
  36.626800;31.718400;111.327002;,
  37.630000;32.245997;109.093005;,
  38.160899;32.504198;106.622003;,
  37.743699;32.142602;106.136998;,
  31.923699;28.950301;116.373005;,
  32.851200;26.820499;118.081997;,
  35.041901;26.817899;117.088000;,
  37.165402;27.046602;116.147008;,
  38.551498;28.882899;113.438003;,
  37.480499;29.844000;112.188006;,
  35.411299;24.403299;117.418995;,
  37.492902;24.539400;116.377997;,
  39.601398;27.069200;114.891994;,
  40.511501;28.862899;112.317005;,
  38.008099;28.047501;110.968000;,
  33.175398;23.390301;117.911002;,
  35.171200;22.672002;117.096000;,
  37.116602;22.537800;116.151002;,
  39.610598;22.562299;114.800000;,
  39.875600;24.759198;114.414003;,
  41.476502;27.409600;113.283994;,
  33.751597;20.978000;116.440000;,
  34.991200;21.221000;115.779994;,
  36.725498;21.154200;115.044992;,
  39.041101;21.066798;113.635008;,
  41.330602;22.434200;113.332006;,
  41.528000;24.102101;112.484006;,
  41.418099;25.665899;112.419994;,
  34.369402;21.128299;113.043994;,
  36.220701;21.092699;112.423002;,
  38.268502;21.162800;111.330995;,
  40.707901;21.084200;112.520998;,
  42.526099;21.164000;111.049997;,
  43.151200;22.628901;111.592000;,
  32.713299;20.420800;113.182003;,
  33.589402;23.706899;112.093005;,
  35.648899;23.733600;111.352000;,
  37.963299;23.627899;110.533990;,
  40.085901;21.241699;110.372006;,
  31.565299;22.871299;111.576000;,
  30.839299;26.078301;111.338995;,
  32.773898;27.902301;110.456998;,
  35.470602;26.557301;109.884006;,
  37.802800;25.786501;110.324992;,
  39.815699;25.589400;110.192998;,
  40.269402;24.108600;110.150003;,
  41.776298;21.313200;109.436992;,
  30.802301;28.388301;112.528998;,
  32.520301;29.942602;112.152000;,
  33.835398;29.248602;109.568000;,
  36.479101;28.039200;109.352000;,
  38.008099;28.047501;110.968000;,
  39.523699;28.302701;110.527002;,
  41.273200;28.343299;108.895002;,
  41.288202;25.953699;108.741990;,
  42.470701;26.228099;106.728998;,
  33.335802;30.804499;110.886003;,
  34.415600;31.618899;109.412006;,
  34.854400;29.740400;108.352000;,
  36.650800;28.891200;108.720998;,
  36.204202;30.725002;107.135002;,
  37.294602;29.921699;107.575002;,
  38.365299;30.818400;106.391002;,
  38.176499;31.466099;105.785005;,
  37.743699;32.142602;106.136998;,
  35.938301;31.926000;107.722995;,
  42.495603;28.540198;106.584998;,
  43.859501;26.844800;104.764998;,
  43.827402;28.042301;104.723002;,
  42.120800;24.022400;109.411008;,
  43.116902;21.309400;107.688998;,
  44.201402;21.225501;108.799002;,
  44.938899;22.442499;109.286003;,
  43.143200;23.984501;111.016000;,
  43.443802;23.865802;107.682995;,
  44.569101;21.803000;105.601997;,
  45.362598;21.826901;105.666003;,
  45.727299;22.311101;106.304998;,
  44.686000;23.836099;108.834995;,
  42.120800;24.022400;109.411008;,
  40.269402;24.108600;110.150003;,
  44.813802;23.087200;105.599002;,
  39.815699;25.589400;110.192998;,
  43.133098;25.808901;110.040000;,
  43.438202;27.253402;110.516992;,
  42.672000;28.620099;110.000000;,
  39.523699;28.302701;110.527002;,
  41.288202;25.953699;108.741990;,
  44.269501;26.161501;107.413005;,
  44.660099;27.373901;107.480998;,
  44.145501;28.615699;107.231002;,
  41.273200;28.343299;108.895002;,
  42.470701;26.228099;106.728998;,
  43.859501;26.844800;104.764998;,
  44.887299;26.894698;104.730003;,
  45.081699;27.507699;105.092000;,
  44.724400;28.117398;104.636000;,
  43.827402;28.042301;104.723002;,
  42.495603;28.540198;106.584998;,
  43.443802;23.865802;107.682995;,
  45.722000;22.966299;105.629997;,
  44.813802;23.087200;105.599002;,
  36.479101;28.039200;109.352000;,
  37.758099;30.339501;110.497997;,
  38.333002;30.813299;108.793997;,
  38.969002;31.336301;107.197997;,
  38.927299;32.169898;106.783994;,
  36.650800;28.891200;108.720998;,
  37.294602;29.921699;107.575002;,
  38.365299;30.818400;106.391002;,
  38.176499;31.466099;105.785005;,
  30.839299;26.078301;111.338995;,
  31.565299;22.871299;111.576000;,
  31.243699;21.688699;105.736998;,
  30.455299;26.199400;105.309997;,
  30.985798;29.971002;108.995008;,
  30.802301;28.388301;112.528998;,
  31.935802;31.435600;112.960000;,
  31.336301;29.271901;114.376998;,
  32.840499;31.108800;116.078003;,
  31.923699;28.950301;116.373005;,
  30.582800;21.329800;104.061997;,
  29.788301;26.542299;103.625997;,
  30.564598;30.783200;108.143002;,
  31.649200;32.405699;112.850995;,
  32.688000;32.075402;116.297997;,
  33.904899;30.305002;119.313997;,
  33.979402;29.499101;118.712000;,
  32.851200;26.820499;118.081997;,
  28.374800;21.812701;105.607002;,
  27.857798;26.573099;105.327002;,
  28.674998;30.060899;109.351002;,
  29.777299;31.470502;113.811994;,
  30.685302;31.375402;116.921997;,
  25.307400;26.539899;105.765997;,
  26.210200;30.398800;109.731008;,
  27.677402;31.992598;114.038003;,
  28.594499;31.769299;117.845005;,
  31.807699;29.689802;119.794995;,
  25.471501;20.948200;106.272000;,
  22.042200;25.026101;111.260006;,
  22.642400;27.697901;113.664000;,
  23.429701;29.130400;116.536998;,
  24.171400;29.306602;119.538995;,
  30.009898;29.989600;121.600000;,
  22.183901;20.959299;111.792998;,
  18.934798;24.670200;114.840000;,
  19.189800;27.415901;116.503002;,
  19.630400;28.777002;118.980006;,
  20.213400;29.356701;121.485005;,
  25.002099;27.903200;122.329997;,
  18.954501;21.081000;114.931994;,
  15.927901;24.912501;116.648000;,
  16.032499;28.245398;118.127002;,
  16.098899;30.497901;120.463002;,
  17.647699;29.826499;126.177997;,
  20.941299;28.244198;124.160998;,
  15.710200;21.077400;116.892992;,
  13.881699;25.109301;113.961997;,
  13.180500;31.038202;115.164006;,
  12.970101;33.069302;120.134003;,
  13.791600;32.910000;123.696000;,
  13.396200;19.781602;114.362995;,
  14.876000;31.278400;127.501005;,
  16.766701;27.672000;130.839002;,
  18.767299;26.563899;128.240998;,
  21.643998;25.526600;125.982003;,
  25.719901;25.170000;124.320998;,
  31.105302;26.456200;123.865997;,
  17.251101;23.147600;130.838003;,
  18.927800;22.918301;128.383002;,
  21.881800;22.149901;126.267994;,
  26.041800;21.677000;124.496000;,
  31.473901;21.806101;123.703002;,
  33.109402;22.278901;121.565005;,
  32.746301;26.539301;121.750003;,
  16.311800;18.736200;128.490995;,
  18.295200;19.308000;126.524006;,
  21.388200;18.826499;124.497997;,
  25.375200;18.377400;122.520000;,
  30.675200;18.077101;121.207002;,
  14.409501;16.298501;124.547994;,
  16.960600;17.370400;123.236006;,
  20.239402;17.525200;120.929997;,
  24.058800;16.812000;118.644992;,
  29.092598;16.104499;116.976998;,
  32.513101;18.895800;118.930995;,
  13.410200;16.905198;119.617997;,
  16.148099;17.980899;119.576000;,
  19.350501;18.143899;117.462003;,
  22.939301;17.899400;114.816998;,
  27.043200;16.420000;111.734003;,
  31.533299;17.464800;115.459994;,
  35.269402;18.864200;118.304998;,
  15.710200;21.077400;116.892992;,
  18.954501;21.081000;114.931994;,
  22.183901;20.959299;111.792998;,
  25.471501;20.948200;106.272000;,
  30.299699;18.061800;111.083994;,
  13.396200;19.781602;114.362995;,
  28.374800;21.812701;105.607002;,
  30.582800;21.329800;104.061997;,
  32.821498;17.424600;110.222003;,
  34.225200;17.048000;114.702003;,
  35.222998;19.626600;117.442995;,
  35.344701;22.925800;119.641997;,
  35.660800;22.562000;120.886003;,
  31.243699;21.688699;105.736998;,
  33.168800;18.322099;110.696000;,
  34.381402;18.002301;114.282995;,
  33.751597;20.978000;116.440000;,
  33.175398;23.390301;117.911002;,
  34.903702;26.940701;120.156992;,
  31.565299;22.871299;111.576000;,
  32.713299;20.420800;113.182003;,
  35.050202;27.128301;121.283994;,
  -0.097820;33.281200;150.977997;,
  2.617160;36.431901;149.054989;,
  -0.100980;34.188499;154.363008;,
  -2.819590;36.431402;149.054989;,
  -5.109510;10.613300;131.083994;,
  0.000000;9.491410;131.126003;,
  -0.694960;9.108710;137.007002;,
  -4.505900;11.705800;137.264013;,
  -9.623830;13.748800;131.529011;,
  -7.952640;14.992301;137.688000;,
  -10.486900;16.767901;136.360998;,
  -12.293500;16.498800;131.253005;,
  -0.996620;9.459100;140.925005;,
  -4.730490;11.963400;140.654003;,
  -7.192760;15.165000;140.908006;,
  -8.867350;18.429002;141.383002;,
  -10.681100;22.829901;140.757990;,
  -14.853000;22.355400;136.412992;,
  -15.780699;22.767701;132.688998;,
  -14.188699;17.516501;129.820006;,
  -0.978150;10.813000;143.512998;,
  -4.534180;11.650100;143.631002;,
  -6.285010;14.114400;143.996006;,
  -7.464770;16.011800;145.818995;,
  -8.065070;19.920099;146.913997;,
  -9.429410;23.730200;144.312998;,
  -1.681770;9.440550;146.856998;,
  -4.437110;11.920000;147.288998;,
  -5.482480;13.176500;149.414003;,
  -6.578690;17.320101;149.521997;,
  -5.661760;20.685800;151.664000;,
  -6.892350;24.894400;149.108006;,
  -5.864390;7.628720;153.076992;,
  -5.570670;14.205000;152.417997;,
  -4.682840;17.807600;153.858995;,
  -2.582900;20.874000;154.289997;,
  -3.246670;25.598000;151.820006;,
  -4.204340;5.260340;152.524992;,
  -5.906670;3.526050;159.350003;,
  -6.794410;4.966520;159.611994;,
  -5.904480;10.269000;155.752000;,
  -4.188550;14.308699;156.032998;,
  -2.151910;17.694901;155.986995;,
  -0.048640;20.614200;154.776000;,
  -0.095530;25.603301;152.453990;,
  -6.097660;4.004620;164.312998;,
  -6.584820;7.240190;160.334003;,
  -4.636180;10.582200;158.042995;,
  -2.217600;13.845899;157.488998;,
  -0.073260;17.069000;156.378995;,
  1.864360;16.799299;156.244992;,
  2.425980;20.749701;154.344000;,
  -5.474640;7.788050;161.143002;,
  -2.148020;9.570490;158.623987;,
  -0.746150;13.040200;157.650995;,
  0.450060;12.203301;157.488998;,
  2.405570;11.652400;156.794995;,
  4.461110;16.750099;154.121997;,
  -3.918990;6.983940;161.395994;,
  -2.592970;5.890000;161.363008;,
  -0.214010;7.669270;158.389005;,
  -2.563820;4.669550;160.792013;,
  0.200890;6.571550;156.930995;,
  -4.317820;3.398180;159.860992;,
  -1.515940;5.222490;153.600998;,
  3.276850;10.093799;150.947994;,
  3.732040;10.836900;154.087002;,
  6.389360;15.714501;150.203008;,
  5.694080;20.522699;151.667008;,
  -5.906670;3.526050;159.350003;,
  -4.204340;5.260340;152.524992;,
  -1.681770;9.440550;146.856998;,
  1.807160;9.683930;147.539994;,
  6.578370;13.876200;147.001011;,
  -0.978150;10.813000;143.512998;,
  2.221140;10.878600;143.753011;,
  4.808060;12.069300;144.839002;,
  6.180560;13.751899;141.184000;,
  8.161930;17.535699;141.768000;,
  7.653860;19.437402;146.828992;,
  -0.996620;9.459100;140.925005;,
  3.174040;10.740900;141.388006;,
  3.944970;9.757399;137.631002;,
  8.254830;12.568100;138.550003;,
  10.502800;15.676000;137.559002;,
  10.288100;22.632299;140.760000;,
