xof 0303txt 0032
template ColorRGBA {
 <35ff44e0-6c7c-11cf-8f52-0040333594a3>
 FLOAT red;
 FLOAT green;
 FLOAT blue;
 FLOAT alpha;
}

template ColorRGB {
 <d3e16e81-7835-11cf-8f52-0040333594a3>
 FLOAT red;
 FLOAT green;
 FLOAT blue;
}

template Material {
 <3d82ab4d-62da-11cf-ab39-0020af71e433>
 ColorRGBA faceColor;
 FLOAT power;
 ColorRGB specularColor;
 ColorRGB emissiveColor;
 [...]
}

template TextureFilename {
 <a42790e1-7810-11cf-8f52-0040333594a3>
 STRING filename;
}

template Frame {
 <3d82ab46-62da-11cf-ab39-0020af71e433>
 [...]
}

template Matrix4x4 {
 <f6f23f45-7686-11cf-8f52-0040333594a3>
 array FLOAT matrix[16];
}

template FrameTransformMatrix {
 <f6f23f41-7686-11cf-8f52-0040333594a3>
 Matrix4x4 frameMatrix;
}

template Vector {
 <3d82ab5e-62da-11cf-ab39-0020af71e433>
 FLOAT x;
 FLOAT y;
 FLOAT z;
}

template MeshFace {
 <3d82ab5f-62da-11cf-ab39-0020af71e433>
 DWORD nFaceVertexIndices;
 array DWORD faceVertexIndices[nFaceVertexIndices];
}

template Mesh {
 <3d82ab44-62da-11cf-ab39-0020af71e433>
 DWORD nVertices;
 array Vector vertices[nVertices];
 DWORD nFaces;
 array MeshFace faces[nFaces];
 [...]
}

template MeshNormals {
 <f6f23f43-7686-11cf-8f52-0040333594a3>
 DWORD nNormals;
 array Vector normals[nNormals];
 DWORD nFaceNormals;
 array MeshFace faceNormals[nFaceNormals];
}

template MeshMaterialList {
 <f6f23f42-7686-11cf-8f52-0040333594a3>
 DWORD nMaterials;
 DWORD nFaceIndexes;
 array DWORD faceIndexes[nFaceIndexes];
 [Material <3d82ab4d-62da-11cf-ab39-0020af71e433>]
}

template Coords2d {
 <f6f23f44-7686-11cf-8f52-0040333594a3>
 FLOAT u;
 FLOAT v;
}

template MeshTextureCoords {
 <f6f23f40-7686-11cf-8f52-0040333594a3>
 DWORD nTextureCoords;
 array Coords2d textureCoords[nTextureCoords];
}

template XSkinMeshHeader {
 <3cf169ce-ff7c-44ab-93c0-f78f62d172e2>
 WORD nMaxSkinWeightsPerVertex;
 WORD nMaxSkinWeightsPerFace;
 WORD nBones;
}

template SkinWeights {
 <6f0d123b-bad2-4167-a0d0-80224f25fabb>
 STRING transformNodeName;
 DWORD nWeights;
 array DWORD vertexIndices[nWeights];
 array FLOAT weights[nWeights];
 Matrix4x4 matrixOffset;
}

template AnimTicksPerSecond {
 <9e415a43-7ba6-4a73-8743-b73d47e88476>
 DWORD AnimTicksPerSecond;
}

template Animation {
 <3d82ab4f-62da-11cf-ab39-0020af71e433>
 [...]
}

template AnimationSet {
 <3d82ab50-62da-11cf-ab39-0020af71e433>
 [Animation <3d82ab4f-62da-11cf-ab39-0020af71e433>]
}

template FloatKeys {
 <10dd46a9-775b-11cf-8f52-0040333594a3>
 DWORD nValues;
 array FLOAT values[nValues];
}

template TimedFloatKeys {
 <f406b180-7b3b-11cf-8f52-0040333594a3>
 DWORD time;
 FloatKeys tfkeys;
}

template AnimationKey {
 <10dd46a8-775b-11cf-8f52-0040333594a3>
 DWORD keyType;
 DWORD nKeys;
 array TimedFloatKeys keys[nKeys];
}


Material DefaultMaterial {
 1.000000;1.000000;1.000000;1.000000;;
 0.000000;
 0.000000;0.000000;0.000000;;
 0.000000;0.000000;0.000000;;

 TextureFilename {
  "Yasuo_base_TX_CM.dds";
 }
}

Frame Root_Upper {
 

 FrameTransformMatrix {
  0.393701,-0.000034,-0.000034,0.000000,-0.000034,0.000034,-0.393701,0.000000,0.000034,0.393701,0.000034,0.000000,4.080630,54.204717,0.528992,1.000000;;
 }

 Frame Root {
  

  FrameTransformMatrix {
   0.862194,-0.506325,-0.016022,0.000000,0.506467,0.862236,0.006287,0.000000,0.010631,-0.013535,0.999852,0.000000,0.531588,-0.291809,0.038086,1.000000;;
  }

  Frame Spine1 {
   

   FrameTransformMatrix {
    0.984418,-0.171582,-0.038477,0.000000,0.171128,0.985137,-0.014843,0.000000,0.040452,0.008027,0.999149,0.000000,0.076935,-0.149376,8.272064,1.000000;;
   }

   Frame Spine2 {
    

    FrameTransformMatrix {
     0.969803,-0.212937,-0.118915,0.000000,0.211599,0.977064,-0.023907,0.000000,0.121279,-0.001977,0.992616,0.000000,0.199097,-1.080690,9.087814,1.000000;;
    }

    Frame Spine3 {
     

     FrameTransformMatrix {
      0.989400,-0.089424,-0.114416,0.000000,0.086525,0.995796,-0.030073,0.000000,0.116625,0.019854,0.992978,0.000000,0.348391,-1.228600,8.078400,1.000000;;
     }

     Frame M_Cape_Front1 {
      

      FrameTransformMatrix {
       0.649468,0.439936,-0.620199,0.000000,0.476326,-0.871159,-0.119148,0.000000,-0.592710,-0.218034,-0.775343,0.000000,-8.460075,13.787502,20.731582,1.000000;;
      }

      Frame M_Cape_Front2 {
       

       FrameTransformMatrix {
        1.000000,0.000086,-0.000086,0.000000,-0.000086,1.000000,0.000086,0.000000,0.000086,-0.000086,1.000000,0.000000,24.276413,-0.001453,0.002876,1.000000;;
       }
      }
     }

     Frame M_Cape_Back1 {
      

      FrameTransformMatrix {
       0.038702,-0.309328,-0.950168,0.000000,0.150269,-0.938265,0.311574,0.000000,-0.987887,-0.154839,0.010170,0.000000,-6.600678,-17.778699,25.262283,1.000000;;
      }

      Frame M_Cape_Back2 {
       

       FrameTransformMatrix {
        0.991991,-0.123928,-0.024426,0.000000,0.125632,0.988068,0.089094,0.000000,0.013094,-0.091449,0.995724,0.000000,24.479995,-0.226074,0.032215,1.000000;;
       }
      }
     }

     Frame Collar_Front {
      

      FrameTransformMatrix {
       0.999874,0.005413,0.014931,0.000000,0.005413,0.767681,-0.640809,0.000000,-0.014931,0.640809,0.767555,0.000000,-0.649170,12.631603,23.777496,1.000000;;
      }
     }

     Frame L_Collar {
      

      FrameTransformMatrix {
       -0.077231,-0.584750,0.807529,0.000000,-0.933751,-0.241496,-0.264175,0.000000,0.349492,-0.774433,-0.527360,0.000000,-14.805096,-1.535390,35.614899,1.000000;;
      }
     }

     Frame R_Collar {
      

      FrameTransformMatrix {
       0.310600,0.438840,-0.843177,0.000000,-0.950343,0.161468,-0.266039,0.000000,0.019397,0.883939,0.467200,0.000000,13.194606,4.655140,31.019594,1.000000;;
      }
     }

     Frame Collar_Back {
      

      FrameTransformMatrix {
       0.976472,-0.214185,0.025041,0.000000,0.187697,0.901344,0.390319,0.000000,-0.106171,-0.376436,0.920339,0.000000,3.171455,-9.807690,30.362288,1.000000;;
      }
     }

     Frame L_Clavicle {
      

      FrameTransformMatrix {
       0.791300,-0.570029,-0.221159,0.000000,0.572298,0.817829,-0.060260,0.000000,0.215220,-0.078885,0.973374,0.000000,-3.126160,3.723820,16.535400,1.000000;;
      }

      Frame L_Shoulder {
       

       FrameTransformMatrix {
        0.591098,-0.799766,0.104772,0.000000,0.490816,0.459713,0.740111,0.000000,-0.640080,-0.386055,0.664273,0.000000,-19.250099,-5.956406,3.066406,1.000000;;
       }

       Frame L_Shoulder_Pauldron4 {
        

        FrameTransformMatrix {
         1.000000,0.000118,-0.000031,0.000000,-0.000030,0.484451,0.874819,0.000000,0.000118,-0.874819,0.484451,0.000000,-38.868896,-0.001450,0.002853,1.000000;;
        }
       }

       Frame L_Shoulder_Pauldron3 {
        

        FrameTransformMatrix {
         1.000000,0.000118,-0.000031,0.000000,-0.000030,0.484451,0.874819,0.000000,0.000118,-0.874819,0.484451,0.000000,-34.179696,-0.001450,0.002869,1.000000;;
        }
       }

       Frame L_Shoulder_Pauldron2 {
        

        FrameTransformMatrix {
         1.000000,0.000118,-0.000031,0.000000,-0.000030,0.484451,0.874819,0.000000,0.000118,-0.874819,0.484451,0.000000,-27.189898,-0.001446,0.002884,1.000000;;
        }
       }

       Frame L_Shoulder_Pauldron1 {
        

        FrameTransformMatrix {
         1.000000,0.000118,-0.000031,0.000000,-0.000030,0.484451,0.874819,0.000000,0.000118,-0.874819,0.484451,0.000000,-20.091602,-0.001450,0.002884,1.000000;;
        }
       }

       Frame L_Elbow {
        

        FrameTransformMatrix {
         0.295963,-0.955175,-0.006903,0.000000,0.955000,0.296041,-0.018276,0.000000,0.019500,-0.001183,0.999809,0.000000,-39.730797,-0.001450,0.002869,1.000000;;
        }

        Frame L_Hand {
         

         FrameTransformMatrix {
          0.936706,0.323131,0.134794,0.000000,-0.224478,0.258825,0.939478,0.000000,0.268686,-0.910273,0.314978,0.000000,-29.877190,-0.001442,0.002884,1.000000;;
         }

         Frame L_Pinky1 {
          

          FrameTransformMatrix {
           0.590571,-0.116122,0.798588,0.000000,-0.327198,0.870145,0.368496,0.000000,-0.737677,-0.478919,0.475887,0.000000,-10.943810,-5.929016,-1.663864,1.000000;;
          }

          Frame L_Pinky2 {
           

           FrameTransformMatrix {
            0.842170,0.000059,0.539212,0.000000,-0.000107,1.000000,0.000059,0.000000,-0.539212,-0.000107,0.842170,0.000000,-4.381561,-0.001450,0.002876,1.000000;;
           }
          }
         }

         Frame L_Ring1 {
          

          FrameTransformMatrix {
           0.540244,0.044040,0.840355,0.000000,-0.285805,0.948871,0.134011,0.000000,-0.791487,-0.312577,0.525209,0.000000,-12.850700,-3.480194,-1.159157,1.000000;;
          }

          Frame L_Ring2 {
           

           FrameTransformMatrix {
            0.842170,0.000059,0.539212,0.000000,-0.000107,1.000000,0.000059,0.000000,-0.539212,-0.000107,0.842170,0.000000,-4.788763,-0.001450,0.002888,1.000000;;
           }
          }
         }

         Frame L_Middle1 {
          

          FrameTransformMatrix {
           0.688536,0.214685,0.692697,0.000000,-0.290221,0.956925,-0.008099,0.000000,-0.664598,-0.195459,0.721184,0.000000,-13.346107,-0.121979,-0.865700,1.000000;;
          }

          Frame L_Middle2 {
           

           FrameTransformMatrix {
            0.842170,0.000059,0.539212,0.000000,-0.000107,1.000000,0.000059,0.000000,-0.539212,-0.000107,0.842170,0.000000,-5.691311,-0.001465,0.002872,1.000000;;
           }
          }
         }

         Frame L_Index1 {
          

          FrameTransformMatrix {
           0.669523,0.207624,0.713183,0.000000,-0.157768,0.977982,-0.136603,0.000000,-0.725843,-0.021059,0.687538,0.000000,-13.468299,3.099289,-1.018295,1.000000;;
          }

          Frame L_Index2 {
           

           FrameTransformMatrix {
            0.842170,0.000059,0.539212,0.000000,-0.000107,1.000000,0.000059,0.000000,-0.539212,-0.000107,0.842170,0.000000,-5.718439,-0.001450,0.002876,1.000000;;
           }
          }
         }

         Frame L_Thumb1 {
          

          FrameTransformMatrix {
           0.428714,-0.714327,0.553120,0.000000,0.886561,0.214844,-0.409698,0.000000,0.173824,0.666018,0.725400,0.000000,-5.216278,4.978378,-2.039467,1.000000;;
          }

          Frame L_Thumb2 {
           

           FrameTransformMatrix {
            0.957567,0.000073,0.288211,0.000000,-0.000098,1.000000,0.000073,0.000000,-0.288211,-0.000098,0.957567,0.000000,-6.112015,-0.001442,0.002869,1.000000;;
           }
          }
         }
        }
       }
      }
     }

     Frame R_Clavicle {
      

      FrameTransformMatrix {
       0.826474,0.164152,0.538512,0.000000,0.238211,-0.968665,-0.070318,0.000000,0.510094,0.186396,-0.839679,0.000000,3.130711,3.723820,16.535400,1.000000;;
      }

      Frame R_Cape_Back1 {
       

       FrameTransformMatrix {
        -0.224115,0.373175,0.900285,0.000000,0.148699,0.926061,-0.346843,0.000000,-0.963152,0.056139,-0.263035,0.000000,24.364701,19.200099,-4.868256,1.000000;;
       }

       Frame R_Cape_Back2 {
        

        FrameTransformMatrix {
         0.752601,-0.658337,0.013578,0.000000,0.658406,0.752663,-0.000800,0.000000,-0.009693,0.009542,0.999908,0.000000,18.901795,-0.001442,0.002880,1.000000;;
        }
       }
      }

      Frame R_Cape_Front1 {
       

       FrameTransformMatrix {
        0.210029,-0.880847,0.424260,0.000000,0.977692,0.188134,-0.093401,0.000000,0.002454,0.434412,0.900711,0.000000,11.674499,-4.619698,-8.712310,1.000000;;
       }

       Frame R_Cape_Front2 {
        

        FrameTransformMatrix {
         1.000000,0.000086,-0.000086,0.000000,-0.000086,1.000000,0.000086,0.000000,0.000086,-0.000086,1.000000,0.000000,11.878098,1.554398,-0.425552,1.000000;;
        }
       }
      }

      Frame R_Shoulder {
       

       FrameTransformMatrix {
        0.454236,-0.874386,0.170645,0.000000,0.859869,0.380206,-0.340688,0.000000,0.233013,0.301485,0.924560,0.000000,19.254707,5.958980,-3.072388,1.000000;;
       }

       Frame R_Cape_Mid1 {
        

        FrameTransformMatrix {
         0.993594,0.052680,0.099981,0.000000,-0.061308,0.994469,0.085283,0.000000,-0.094936,-0.090866,0.991328,0.000000,-5.711668,7.892853,-7.814422,1.000000;;
        }

        Frame R_Cape_Mid2 {
         

         FrameTransformMatrix {
          1.000000,0.000086,-0.000086,0.000000,-0.000086,1.000000,0.000086,0.000000,0.000086,-0.000086,1.000000,0.000000,24.323898,-0.341118,-7.814407,1.000000;;
         }
        }
       }

       Frame R_Elbow {
        

        FrameTransformMatrix {
         0.600972,-0.122464,-0.789833,0.000000,0.113694,0.991242,-0.067185,0.000000,0.791143,-0.049423,0.609631,0.000000,39.735398,-0.001450,0.002884,1.000000;;
        }

        Frame R_Hand {
         

         FrameTransformMatrix {
          0.993287,0.115328,0.008965,0.000000,0.089878,-0.818232,0.567819,0.000000,0.072821,-0.563201,-0.823105,0.000000,29.874986,-0.001434,0.002876,1.000000;;
         }

         Frame Flute {
          

          FrameTransformMatrix {
           0.333292,-0.157739,-0.929535,0.000000,-0.271916,0.927931,-0.254964,0.000000,0.902762,0.337733,0.266380,0.000000,-259.826995,144.944998,-3.782524,1.000000;;
          }
         }

         Frame Sword {
          

          FrameTransformMatrix {
           -0.773341,0.628670,-0.081956,0.000000,-0.087701,0.021948,0.995905,0.000000,0.627895,0.777362,0.038162,0.000000,4.718689,-0.028854,3.160295,1.000000;;
          }

          Frame SwordBlade1 {
           

           FrameTransformMatrix {
            0.998659,0.000084,0.051773,0.000000,-0.000089,1.000000,0.000084,0.000000,-0.051773,-0.000088,0.998659,0.000000,-26.972717,-0.001453,-1.223705,1.000000;;
           }

           Frame SwordBlade2 {
            

            FrameTransformMatrix {
             0.994909,0.000082,0.100776,0.000000,-0.000091,1.000000,0.000082,0.000000,-0.100776,-0.000091,0.994909,0.000000,-52.787386,-0.001450,-2.673309,1.000000;;
            }

            Frame SwordBlade3 {
             

             FrameTransformMatrix {
              0.996473,0.000083,0.083912,0.000000,-0.000090,1.000000,0.000083,0.000000,-0.083912,-0.000090,0.996473,0.000000,-52.889069,-0.001453,-3.530163,1.000000;;
             }
            }
           }
          }
         }

         Frame R_Pinky1 {
          

          FrameTransformMatrix {
           0.160011,-0.085588,0.983398,0.000000,-0.467441,0.870884,0.151854,0.000000,-0.869422,-0.483978,0.099344,0.000000,10.941590,5.926094,1.663750,1.000000;;
          }

          Frame R_Pinky2 {
           

           FrameTransformMatrix {
            0.564274,0.000036,0.825588,0.000000,-0.000117,1.000000,0.000036,0.000000,-0.825588,-0.000117,0.564274,0.000000,4.386173,-0.001450,0.002876,1.000000;;
           }
          }
         }

         Frame R_Ring1 {
          

          FrameTransformMatrix {
           0.163391,-0.006459,0.986540,0.000000,-0.331274,0.941559,0.061030,0.000000,-0.929280,-0.336786,0.151702,0.000000,12.848495,3.482758,1.159042,1.000000;;
          }

          Frame R_Ring2 {
           

           FrameTransformMatrix {
            0.564274,0.000036,0.825588,0.000000,-0.000117,1.000000,0.000036,0.000000,-0.825588,-0.000117,0.564274,0.000000,4.786564,-0.001450,0.002869,1.000000;;
           }
          }
         }

         Frame R_Middle1 {
          

          FrameTransformMatrix {
           0.394551,0.044645,0.917789,0.000000,-0.229829,0.971866,0.051527,0.000000,-0.889667,-0.231264,0.393711,0.000000,13.343887,0.124535,0.865593,1.000000;;
          }

          Frame R_Middle2 {
           

           FrameTransformMatrix {
            0.564274,0.000036,0.825588,0.000000,-0.000117,1.000000,0.000036,0.000000,-0.825587,-0.000117,0.564274,0.000000,5.695892,-0.001465,0.002869,1.000000;;
           }
          }
         }

         Frame R_Index1 {
          

          FrameTransformMatrix {
           0.349044,-0.053808,0.935560,0.000000,0.018772,0.998551,0.050427,0.000000,-0.936918,-0.000039,0.349548,0.000000,13.466094,-3.096733,1.018181,1.000000;;
          }

          Frame R_Index2 {
           

           FrameTransformMatrix {
            0.564274,0.000036,0.825588,0.000000,-0.000117,1.000000,0.000036,0.000000,-0.825588,-0.000117,0.564274,0.000000,5.716251,-0.001450,0.002869,1.000000;;
           }
          }
         }

         Frame R_Thumb1 {
          

          FrameTransformMatrix {
           0.662520,-0.503742,0.554356,0.000000,0.661411,0.046061,-0.748608,0.000000,0.351571,0.862625,0.363697,0.000000,5.220840,-4.981285,2.039364,1.000000;;
          }

          Frame R_Thumb2 {
           

           FrameTransformMatrix {
            0.957567,0.000073,0.288211,0.000000,-0.000098,1.000000,0.000073,0.000000,-0.288211,-0.000098,0.957567,0.000000,6.116654,-0.001434,0.002872,1.000000;;
           }
          }
         }
        }
       }
      }
     }

     Frame Neck {
      

      FrameTransformMatrix {
       1.000000,0.000086,-0.000086,0.000000,-0.000086,1.000000,0.000086,0.000000,0.000086,-0.000086,1.000000,0.000000,0.002293,-0.817732,25.133194,1.000000;;
      }

      Frame Head {
       

       FrameTransformMatrix {
        0.659713,0.749561,0.054204,0.000000,-0.741018,0.660816,-0.119226,0.000000,-0.125186,0.038489,0.991387,0.000000,0.002289,3.400591,8.600708,1.000000;;
       }

       Frame Hair1 {
        

        FrameTransformMatrix {
         0.000057,0.972905,-0.231206,0.000000,-1.000000,0.000029,-0.000126,0.000000,-0.000116,0.231206,0.972905,0.000000,0.002287,-13.900000,21.875992,1.000000;;
        }

        Frame L_Hair1 {
         

         FrameTransformMatrix {
          -0.999896,0.014346,-0.001403,0.000000,0.001404,0.000042,-0.999999,0.000000,-0.014346,-0.999897,-0.000062,0.000000,-29.972198,20.542298,-1.675598,1.000000;;
         }
        }

        Frame R_Hair1 {
         

         FrameTransformMatrix {
          0.999900,-0.014099,0.001403,0.000000,-0.001404,-0.000040,0.999999,0.000000,-0.014099,-0.999901,-0.000060,0.000000,-20.681992,-21.942195,0.014618,1.000000;;
         }
        }

        Frame R_Hair2 {
         

         FrameTransformMatrix {
          0.999371,0.009890,-0.034064,0.000000,0.032991,0.093640,0.995059,0.000000,0.013031,-0.995557,0.093255,0.000000,-68.192000,-11.818203,-1.922089,1.000000;;
         }
        }

        Frame L_Hair2 {
         

         FrameTransformMatrix {
          -0.999374,-0.009645,0.034053,0.000000,-0.033002,-0.093637,-0.995059,0.000000,0.012786,-0.995560,0.093260,0.000000,-64.269594,13.404102,-0.689636,1.000000;;
         }
        }

        Frame Hair_Top {
         

         FrameTransformMatrix {
          0.999899,-0.014156,0.001295,0.000000,0.014156,0.999900,0.000009,0.000000,-0.001295,0.000009,0.999999,0.000000,-28.146806,0.102640,21.658906,1.000000;;
         }
        }

        Frame Hair2 {
         

         FrameTransformMatrix {
          0.999894,-0.014155,-0.003540,0.000000,0.014156,0.999900,0.000061,0.000000,0.003538,-0.000111,0.999994,0.000000,-21.109504,-0.001451,0.008743,1.000000;;
         }

         Frame Hair3 {
          

          FrameTransformMatrix {
           0.999238,0.024043,-0.030762,0.000000,-0.026818,0.995282,-0.093242,0.000000,0.028375,0.093996,0.995168,0.000000,-30.603402,-0.001451,0.002869,1.000000;;
          }

          Frame Hair4 {
           

           FrameTransformMatrix {
            0.999770,-0.009513,0.019238,0.000000,0.009475,0.999953,0.002077,0.000000,-0.019257,-0.001894,0.999813,0.000000,-34.193299,-0.001448,0.002869,1.000000;;
           }
          }
         }
        }
       }
      }
     }
    }
   }
  }
 }
}

Frame Root_Lower {
 

 FrameTransformMatrix {
  0.393701,-0.000034,-0.000034,0.000000,-0.000034,0.000034,-0.393701,0.000000,0.000034,0.393701,0.000034,0.000000,4.080630,54.204717,0.528992,1.000000;;
 }

 Frame Pelvis {
  

  FrameTransformMatrix {
   0.936153,-0.351068,-0.019219,0.000000,0.351521,0.935667,0.030983,0.000000,0.007105,-0.035760,0.999335,0.000000,0.002290,-1.212170,-7.562027,1.000000;;
  }

  Frame Sheath {
   

   FrameTransformMatrix {
    -0.822913,0.135618,0.551744,0.000000,0.120845,-0.907097,0.403202,0.000000,0.555167,0.398476,0.730073,0.000000,-36.419098,16.077506,-17.409890,1.000000;;
   }
  }

  Frame Rope_Base {
   

   FrameTransformMatrix {
    0.909457,0.415798,-0.000066,0.000000,-0.415798,0.909457,0.000103,0.000000,0.000103,-0.000066,1.000000,0.000000,-6.919619,-0.198677,-5.425774,1.000000;;
   }

   Frame L_Rope_Back1 {
    

    FrameTransformMatrix {
     0.615756,0.560887,0.553399,0.000000,-0.389444,0.827198,-0.405065,0.000000,-0.684966,0.033903,0.727786,0.000000,-17.641802,-3.841770,-5.314285,1.000000;;
    }

    Frame L_Rope_Back2 {
     

     FrameTransformMatrix {
      0.942363,0.256987,0.214263,0.000000,-0.266530,0.963687,0.016395,0.000000,-0.202270,-0.072558,0.976638,0.000000,-34.749696,-0.001453,0.002876,1.000000;;
     }

     Frame L_Rope_Back3 {
      

      FrameTransformMatrix {
       0.923670,0.020420,0.382646,0.000000,-0.092169,0.981102,0.170131,0.000000,-0.371940,-0.192413,0.908096,0.000000,-26.022698,-0.001457,0.002884,1.000000;;
      }
     }
    }
   }

   Frame L_Rope_Front1 {
    

    FrameTransformMatrix {
     0.654291,0.424571,0.625814,0.000000,-0.326477,0.905024,-0.272662,0.000000,-0.682141,-0.025914,0.730762,0.000000,-18.374699,3.477289,-5.038444,1.000000;;
    }

    Frame L_Rope_Front2 {
     

     FrameTransformMatrix {
      0.942363,0.256987,0.214263,0.000000,-0.266530,0.963687,0.016395,0.000000,-0.202269,-0.072558,0.976638,0.000000,-38.142800,-0.001446,0.002884,1.000000;;
     }
    }
   }
  }

  Frame Gourd {
   

   FrameTransformMatrix {
    -0.814104,-0.037258,0.579523,0.000000,0.171886,-0.968684,0.179185,0.000000,0.554698,0.245487,0.795013,0.000000,11.545600,-23.662397,-12.004692,1.000000;;
   }

   Frame Gourd_Base {
    

    FrameTransformMatrix {
     1.000000,0.000086,-0.000086,0.000000,-0.000086,1.000000,0.000086,0.000000,0.000086,-0.000086,1.000000,0.000000,1.345951,0.124550,-18.613106,1.000000;;
    }
   }
  }

  Frame L_Hip {
   

   FrameTransformMatrix {
    0.237489,0.013563,0.971296,0.000000,0.949482,0.207923,-0.235058,0.000000,-0.205142,0.978051,0.036502,0.000000,-11.493500,-2.274971,-6.306106,1.000000;;
   }

   Frame L_KneeUpper {
    

    FrameTransformMatrix {
     1.000000,0.000086,-0.000086,0.000000,-0.000086,1.000000,0.000086,0.000000,0.000086,-0.000086,1.000000,0.000000,-52.916304,-0.001450,0.002876,1.000000;;
    }

    Frame L_KneeLower {
     

     FrameTransformMatrix {
      0.864185,0.000061,0.503174,0.000000,-0.000106,1.000000,0.000061,0.000000,-0.503174,-0.000106,0.864186,0.000000,0.002289,-0.001451,0.002876,1.000000;;
     }

     Frame L_Foot {
      

      FrameTransformMatrix {
       0.923887,-0.366946,0.108557,0.000000,0.343101,0.919955,0.189645,0.000000,-0.169457,-0.137964,0.975833,0.000000,-53.825696,-0.001448,0.002876,1.000000;;
      }

      Frame L_Toe {
       

       FrameTransformMatrix {
        0.352773,0.000000,-0.935709,0.000000,0.000000,1.000000,0.000000,0.000000,0.935709,0.000000,0.352773,0.000000,-7.808588,-0.373987,12.609102,1.000000;;
       }
      }
     }
    }
   }
  }

  Frame R_Hip {
   

   FrameTransformMatrix {
    0.052468,0.157872,-0.986064,0.000000,0.994693,0.079246,0.065615,0.000000,0.088500,-0.984275,-0.152877,0.000000,11.491300,-2.274970,-6.306099,1.000000;;
   }

   Frame R_KneeUpper {
    

    FrameTransformMatrix {
     1.000000,0.000086,-0.000086,0.000000,-0.000086,1.000000,0.000086,0.000000,0.000086,-0.000086,1.000000,0.000000,52.920899,-0.001448,0.002876,1.000000;;
    }

    Frame R_KneeLower {
     

     FrameTransformMatrix {
      0.904053,0.000065,0.427421,0.000000,-0.000103,1.000000,0.000065,0.000000,-0.427421,-0.000103,0.904053,0.000000,0.002296,-0.001450,0.002876,1.000000;;
     }

     Frame R_Foot {
      

      FrameTransformMatrix {
       0.971331,-0.237382,0.012885,0.000000,0.188672,0.802724,0.565718,0.000000,-0.144635,-0.547068,0.824498,0.000000,56.422502,-0.001448,0.002874,1.000000;;
      }

      Frame R_Toe {
       

       FrameTransformMatrix {
        0.033527,-0.000000,-0.999438,0.000000,0.000000,1.000000,0.000000,0.000000,0.999438,0.000000,0.033527,0.000000,7.806398,0.371071,-12.609202,1.000000;;
       }
      }
     }
    }
   }
  }
 }
}

Frame Model {
 

 FrameTransformMatrix {
  0.393701,0.000000,0.000000,0.000000,0.000000,-0.000000,-0.393701,0.000000,0.000000,0.393701,-0.000000,0.000000,0.000000,0.000000,0.000000,1.000000;;
 }

 Mesh Model {
  6181;
  -2.338460;-51.790698;0.000000;,
  0.000000;-51.790698;-2.338460;,
  0.000000;-51.790698;2.338460;,
  2.338460;-51.790698;0.000000;,
  0.000000;29.384598;2.827080;,
  2.827080;29.384598;0.000000;,
  -2.827080;29.384598;0.000000;,
  0.000000;29.384598;-2.827080;,
  2.338460;-51.790698;0.000000;,
  2.827080;29.384598;0.000000;,
  0.000000;29.384598;2.827080;,
  0.000000;-51.790698;2.338460;,
  -2.827080;29.384598;0.000000;,
  -2.338460;-51.790698;0.000000;,
  0.000000;29.384598;-2.827080;,
  0.000000;-51.790698;-2.338460;,
  2.827080;29.384598;0.000000;,
  2.338460;-51.790698;0.000000;,
  -27.173600;-7.045810;126.733005;,
  -26.575000;-9.987970;128.224000;,
  -26.445800;-3.622400;130.087002;,
  -27.224198;-13.175201;124.831002;,
  -26.679200;-14.404400;125.132006;,
  -24.900899;-14.955600;123.774003;,
  -24.900899;-15.942501;124.057997;,
  -23.103099;-14.404400;125.132006;,
  -22.577600;-13.175201;124.831002;,
  -23.207400;-9.987970;128.224000;,
  -24.900899;-8.492450;125.064998;,
  -22.628200;-7.045810;126.733005;,
  -23.336600;-3.622400;130.087002;,
  -22.477501;1.719110;132.059994;,
  -24.317400;1.815930;133.042995;,
  -23.336600;-3.622400;130.087002;,
  -22.504699;-2.974210;129.714995;,
  -22.177099;1.809600;130.757005;,
  -22.361000;-2.244950;128.546995;,
  -23.193099;-0.572210;126.183002;,
  -23.035400;-5.868180;125.450995;,
  -24.900899;-0.697478;125.992000;,
  -22.220400;-6.512150;126.290995;,
  -24.900899;-7.856910;124.762995;,
  -24.900899;-6.355020;124.984998;,
  -26.766501;-5.868180;125.450995;,
  -26.608802;-0.572210;126.177997;,
  -27.440800;-2.244940;128.546995;,
  -27.624800;1.809600;130.726003;,
  -22.628200;-7.045810;126.733005;,
  -24.900899;-8.492450;125.064998;,
  -27.173600;-7.045810;126.733005;,
  -27.581398;-6.512150;126.290995;,
  -26.445800;-3.622400;130.087002;,
  -27.297101;-2.974210;129.714995;,
  -27.324301;1.719110;132.042010;,
  -25.465000;1.815930;133.032998;,
  -25.401101;-16.645600;132.830989;,
  -26.575000;-9.987970;128.224000;,
  -26.679200;-14.404400;125.132006;,
  -26.355499;-40.788400;118.008998;,
  -25.332099;-43.586499;125.693005;,
  -24.881501;-43.797699;126.924006;,
  -24.881501;-16.967899;134.108992;,
  -24.881501;-6.493620;136.711002;,
  -25.420901;-6.057640;135.405005;,
  -26.445800;-3.622400;130.087002;,
  -24.900899;-15.942501;124.057997;,
  -24.881501;-41.064000;117.376998;,
  -26.122901;-77.502099;107.100998;,
  -25.302200;-80.262496;114.584000;,
  -24.881501;-80.785005;115.800000;,
  -23.407499;-40.788400;118.008998;,
  -23.640101;-77.502099;107.100998;,
  -24.881501;-77.560800;106.504998;,
  -25.987800;-119.245005;92.332704;,
  -25.350800;-122.496998;99.529101;,
  -25.002501;-122.732006;100.807002;,
  -23.103099;-14.404400;125.132006;,
  -24.361901;-16.645600;132.830989;,
  -24.430800;-43.586499;125.693005;,
  -24.460699;-80.262496;114.584000;,
  -24.017099;-119.245005;92.332704;,
  -25.002501;-119.511002;91.712499;,
  -26.112400;-160.078989;76.296301;,
  -23.207400;-9.987970;128.224000;,
  -24.342101;-6.057640;135.405005;,
  -23.336600;-3.622400;130.087002;,
  -24.474400;-1.366730;136.621990;,
  -24.881501;-1.513570;137.736998;,
  -25.288602;-1.366730;136.621990;,
  -25.465000;1.815930;133.032998;,
  -24.900899;1.971190;134.207987;,
  -24.317400;1.815930;133.042995;,
  -24.654200;-122.496998;99.529101;,
  -24.527901;-160.078989;76.296301;,
  -25.320101;-160.424998;75.608102;,
  -25.320101;-164.319002;83.867398;,
  -25.038400;-163.873997;82.693805;,
  -25.020200;-168.565005;78.903699;,
  -24.983699;-171.237005;74.997901;,
  -24.911101;-172.457997;70.411795;,
  -25.601901;-163.873997;82.693805;,
  -25.320101;-169.188006;79.945702;,
  -25.320101;-172.027994;75.690003;,
  -25.320101;-173.509990;69.527098;,
  -25.729099;-172.457997;70.411795;,
  -25.620101;-168.565005;78.903699;,
  -25.656602;-171.237005;74.997901;,
  -34.108400;-19.007400;55.314202;,
  -33.942099;-16.777000;49.528000;,
  -33.780400;-12.194600;52.904598;,
  -33.095299;-13.578701;44.301299;,
  -32.116902;-1.801960;49.615299;,
  -31.992400;-4.842400;40.072301;,
  -29.629402;0.867447;37.909699;,
  -28.538998;4.807840;47.061101;,
  -24.090299;2.489450;36.692602;,
  -22.545400;6.046390;45.920202;,
  -20.129101;0.262353;36.776099;,
  -17.174000;2.971410;46.053901;,
  -15.050499;-2.822310;46.770698;,
  -18.809400;-5.224890;37.666598;,
  -16.298501;-9.995880;43.971802;,
  -14.756899;-8.702220;48.048198;,
  -18.236701;-10.784799;39.586400;,
  34.138800;11.126600;5.640910;,
  35.920701;9.939700;4.292620;,
  34.845299;4.475790;6.853970;,
  32.600899;2.704790;10.477199;,
  29.260400;4.242680;11.463200;,
  30.003299;12.528401;7.593430;,
  25.856899;12.413800;6.530050;,
  24.872000;4.113340;9.947300;,
  23.359600;5.905130;7.047080;,
  23.263398;11.216200;4.829300;,
  33.713200;-1.326180;10.118301;,
  31.607600;-1.996430;16.342600;,
  28.465600;0.075660;17.820699;,
  24.156901;-0.703213;16.249099;,
  23.293101;0.145611;10.312199;,
  32.814202;-4.989870;12.701899;,
  23.000499;-2.976060;13.340500;,
  4.298200;-32.869402;96.387802;,
  2.453060;-34.382701;97.937203;,
  -1.178150;-35.046298;100.650003;,
  4.683670;-30.559098;95.459898;,
  7.517510;-31.802301;99.365798;,
  4.943190;-34.844003;101.530995;,
  2.453060;-34.382701;97.937203;,
  -1.178150;-35.046298;100.650003;,
  0.884819;-34.726102;104.428998;,
  -4.581270;-30.792602;101.831002;,
  2.820860;-26.280501;95.264902;,
  6.844440;-25.338400;98.723296;,
  7.913300;-29.040499;98.412000;,
  7.486290;-28.780000;99.816000;,
  7.145130;-31.165702;100.540998;,
  5.170440;-33.794400;102.331002;,
  -0.714151;-24.227400;97.585798;,
  -4.011060;-26.074200;100.122003;,
  -4.581270;-30.792602;101.831002;,
  6.397030;-24.770701;100.526003;,
  12.538100;-26.238301;107.920998;,
  12.239700;-29.150000;108.982003;,
  10.458600;-31.101501;110.819994;,
  1.646060;-33.607699;104.720998;,
  5.617660;-23.460400;99.295603;,
  2.861630;-22.885901;102.308998;,
  10.938900;-22.685800;108.461005;,
  13.819101;-25.944000;107.945997;,
  13.473699;-29.561802;109.223002;,
  10.986500;-31.045600;111.414003;,
  -0.714151;-24.227400;97.585798;,
  2.222760;-22.176000;101.186995;,
  8.346050;-21.559200;110.031002;,
  8.958460;-20.667699;110.288000;,
  12.166300;-21.807101;108.446003;,
  17.546800;-24.257200;113.448000;,
  17.133101;-27.694899;114.512000;,
  15.128499;-29.725901;116.242995;,
  11.159000;-29.210198;118.938010;,
  7.740290;-30.654301;113.681997;,
  12.338200;-18.846301;115.910003;,
  16.333499;-20.285901;113.711002;,
  17.253598;-24.082198;114.071002;,
  16.863800;-27.383600;115.074995;,
  14.978400;-29.287798;116.814003;,
  15.878499;-20.302099;114.336998;,
  18.626000;-23.531400;115.976998;,
  18.488400;-27.009699;116.757005;,
  16.323798;-29.008198;118.388006;,
  12.729500;-28.735398;121.072000;,
  11.505900;-28.952899;119.153997;,
  12.314201;-19.322501;116.299008;,
  13.417900;-18.223600;118.228992;,
  17.585600;-20.048800;116.306995;,
  20.149598;-22.896200;116.300006;,
  19.400400;-26.931101;117.394995;,
  17.244600;-29.135200;119.117990;,
  13.215000;-28.755802;122.121997;,
  10.010100;-24.426501;121.757005;,
  14.592499;-17.495200;118.861005;,
  18.564899;-19.515301;116.616998;,
  20.140000;-22.299000;117.423002;,
  19.957701;-26.274000;118.399002;,
  17.673099;-28.348701;120.249997;,
  13.962400;-28.183200;122.738995;,
  10.134200;-24.241800;123.079002;,
  18.808600;-19.669600;117.691008;,
  24.431101;-20.644200;123.459994;,
  22.974600;-24.935800;122.642995;,
  19.851499;-27.577699;123.165005;,
  15.919000;-27.255802;125.089997;,
  11.255900;-23.856002;123.712998;,
  15.188099;-17.581301;119.702003;,
  23.324101;-17.138800;125.171994;,
  22.846400;-18.119699;125.415002;,
  23.684400;-20.957899;124.061990;,
  22.535000;-24.520099;123.334003;,
  19.796899;-26.740400;123.783002;,
  16.716299;-26.363501;125.200998;,
  19.690501;-15.905301;127.305997;,
  19.644101;-17.083299;127.241997;,
  14.975501;-22.967101;127.234995;,
  13.846099;-22.985099;127.276006;,
  11.853599;-20.190398;122.984000;,
  10.472299;-20.371901;121.899008;,
  16.342899;-19.445899;127.735002;,
  15.814499;-18.753402;128.104998;,
  15.188099;-17.581301;119.702003;,
  14.592499;-17.495200;118.861005;,
  13.417900;-18.223600;118.228992;,
  10.108000;-21.060400;120.411008;,
  8.804410;-24.857901;119.804006;,
  19.644101;-17.083299;127.241997;,
  19.690501;-15.905301;127.305997;,
  8.163230;-25.021499;120.054003;,
  4.222490;-26.312402;114.917005;,
  4.593720;-26.345000;113.759002;,
  7.356960;-30.732998;113.032000;,
  9.388550;-21.412202;118.749005;,
  8.850180;-20.923701;118.413005;,
  5.183140;-22.156099;113.032000;,
  5.280270;-22.975299;112.160000;,
  -0.537642;-25.049200;104.872000;,
  -1.086240;-29.490899;105.853997;,
  12.314201;-19.322501;116.299008;,
  12.338200;-18.846301;115.910003;,
  8.958460;-20.667699;110.288000;,
  8.346050;-21.559200;110.031002;,
  2.861630;-22.885901;102.308998;,
  -1.863990;-24.607299;104.168998;,
  2.222760;-22.176000;101.186995;,
  -0.714151;-24.227400;97.585798;,
  -4.011060;-26.074200;100.122003;,
  -2.596190;-30.030701;105.677005;,
  -39.043802;2.382260;142.173005;,
  -43.220198;-1.473770;144.725005;,
  -42.174998;4.055150;136.502003;,
  -47.127603;-3.657040;137.672998;,
  -49.368198;-2.093560;132.656000;,
  -44.513302;5.145980;132.298010;,
  -46.874000;5.769970;127.555994;,
  -50.547402;-0.668121;127.312000;,
  -49.209600;6.756930;122.279002;,
  -45.973402;-5.568900;145.660992;,
  -45.227798;-10.602400;143.294003;,
  -44.718899;-12.845101;133.309005;,
  -47.602602;-10.483100;129.811008;,
  -50.334099;-7.217440;125.433997;,
  -52.106800;-4.728270;120.136000;,
  -52.378102;0.977655;121.248998;,
  -52.988998;5.554560;115.824000;,
  -50.538400;8.023590;116.963994;,
  -41.626800;-15.285000;138.649997;,
  -54.752102;2.860920;114.860006;,
  -54.538797;-0.178554;114.550003;,
  -53.603299;-3.085840;114.939008;,
  4.578320;15.129899;141.667008;,
  2.107090;14.129301;143.880000;,
  2.286240;13.676301;143.641011;,
  4.785040;14.829200;141.397990;,
  4.985730;15.091501;141.229990;,
  4.914830;15.509200;141.392000;,
  5.334460;15.389101;140.947008;,
  5.215750;15.083901;141.005005;,
  2.286240;13.676301;143.641011;,
  1.688000;13.784400;142.990003;,
  4.785040;14.829200;141.397990;,
  4.321160;14.913000;140.893005;,
  4.985730;15.091501;141.229990;,
  4.548280;15.170499;140.753997;,
  5.215750;15.083901;141.005005;,
  4.790330;15.160699;140.542003;,
  5.334460;15.389101;140.947008;,
  4.909040;15.466000;140.483994;,
  1.508850;14.237400;143.229990;,
  4.085570;15.218899;141.130995;,
  1.688000;13.784400;142.990003;,
  4.321160;14.913000;140.893005;,
  4.548280;15.170499;140.753997;,
  4.450940;15.592901;140.886989;,
  4.909040;15.466000;140.483994;,
  4.790330;15.160699;140.542003;,
  4.085570;15.218899;141.130995;,
  1.508850;14.237400;143.229990;,
  2.107090;14.129301;143.880000;,
  4.578320;15.129899;141.667008;,
  4.450940;15.592901;140.886989;,
  4.914830;15.509200;141.392000;,
  4.909040;15.466000;140.483994;,
  5.334460;15.389101;140.947008;,
  -51.618000;-10.089000;55.260397;,
  -48.418899;-10.706600;55.016602;,
  -52.799600;-12.145701;56.104198;,
  -47.645501;-13.051700;55.691603;,
  -52.517798;-12.326100;59.448602;,
  -47.303600;-14.090101;59.269901;,
  -51.414502;-11.443200;61.324198;,
  -47.107398;-13.835800;61.204102;,
  -49.566602;-9.874920;61.067699;,
  -45.348598;-9.120330;63.279302;,
  -44.927501;-7.640240;52.224301;,
  -45.417402;-11.883600;56.150797;,
  -44.403098;-12.653500;59.032698;,
  -44.797101;-11.894700;61.563398;,
  -44.026099;-6.635170;60.636602;,
  -44.518902;-6.021250;62.616902;,
  -46.165901;-7.630720;52.182301;,
  -49.691398;-2.734500;53.213901;,
  -43.954800;-6.888410;54.363002;,
  -43.447699;-6.722090;57.706099;,
  -49.890701;-3.519610;53.123101;,
  -52.558899;-3.346600;54.437798;,
  -48.537898;-1.088300;56.022496;,
  -47.517101;-2.581180;58.531302;,
  -47.596598;-3.792520;59.292403;,
  -48.999901;-4.105940;59.934797;,
  -52.009798;-4.687840;54.490003;,
  -54.390496;-6.942380;55.339501;,
  -52.840698;-2.196490;57.652998;,
  -51.235200;-2.875530;60.056096;,
  -53.388099;-7.246340;55.337402;,
  -51.618000;-10.089000;55.260397;,
  -52.799600;-12.145701;56.104198;,
  -54.990598;-6.865140;58.788000;,
  -53.183898;-6.883360;61.054899;,
  -51.027302;-6.867900;61.268998;,
  -52.517798;-12.326100;59.448602;,
  -51.414502;-11.443200;61.324198;,
  -49.566602;-9.874920;61.067699;,
  -48.999901;-4.105940;59.934797;,
  -51.027302;-6.867900;61.268998;,
  -46.291002;-4.168070;66.828102;,
  -48.612301;-6.817430;67.307002;,
  -46.434800;-6.851070;72.889101;,
  -44.336301;-4.253910;72.452102;,
  -43.215699;-6.783110;80.880096;,
  -41.160000;-4.077490;80.265702;,
  -40.221699;-6.667180;89.258694;,
  -37.754902;-4.387640;88.385805;,
  -49.566602;-9.874920;61.067699;,
  -46.961299;-10.010700;66.717203;,
  -44.518902;-10.030300;72.085197;,
  -41.481200;-9.963200;80.018797;,
  -38.262400;-9.758041;88.278394;,
  -35.111302;-9.756320;96.622701;,
  -36.730800;-6.594980;97.497901;,
  -34.406301;-4.369860;96.586899;,
  -45.348598;-9.120330;63.279302;,
  -44.128502;-9.185620;65.861197;,
  -42.046198;-9.316270;71.028602;,
  -38.790598;-9.043670;78.888602;,
  -35.265299;-9.073020;87.098195;,
  -32.031398;-8.810180;95.468902;,
  -32.331402;-9.962280;104.346003;,
  -43.465501;-5.974740;65.410400;,
  -41.357299;-5.881650;71.001402;,
  -37.991600;-5.876870;79.249606;,
  -34.943901;-6.016890;87.438202;,
  -31.636198;-6.040640;95.568301;,
  -28.954400;-9.157350;103.239002;,
  -44.518902;-6.021250;62.616902;,
  -46.291002;-4.168070;66.828102;,
  -44.336301;-4.253910;72.452102;,
  -41.160000;-4.077490;80.265702;,
  -37.754902;-4.387640;88.385805;,
  -34.406301;-4.369860;96.586899;,
  -48.999901;-4.105940;59.934797;,
  -31.317398;-4.509450;104.105005;,
  -28.505802;-6.002180;103.009005;,
  -25.727301;-5.697450;109.566003;,
  -26.280501;-8.810560;110.412006;,
  -29.337299;-9.191460;111.490995;,
  -28.702800;-4.222190;110.561997;,
  -26.892598;-2.207880;113.978995;,
  -23.740101;-3.804170;114.043994;,
  -24.216998;-6.586190;115.583002;,
  -27.133600;-6.852100;117.168998;,
  -30.864499;-6.089590;111.757005;,
  -33.416899;-6.567830;105.015002;,
  -25.300501;0.797805;115.910003;,
  -22.599002;-0.423543;117.000000;,
  -23.012101;-1.894870;119.420992;,
  -25.832600;-2.393850;120.976000;,
  -28.881600;-3.769900;116.439002;,
  -28.702800;-4.222190;110.561997;,
  -31.317398;-4.509450;104.105005;,
  -27.590099;-0.523460;119.702003;,
  -25.300501;0.797805;115.910003;,
  -26.892598;-2.207880;113.978995;,
  -59.893197;-8.509980;46.384899;,
  -57.301203;-3.376760;45.543597;,
  -53.059798;-2.230360;43.745997;,
  -57.864896;-12.998700;46.143101;,
  -52.507600;-13.967499;44.693101;,
  -47.202000;-9.266820;42.714298;,
  -48.878502;-4.570980;42.651402;,
  -46.165901;-7.630720;52.182301;,
  -52.507600;-13.967499;44.693101;,
  -48.418899;-10.706600;55.016602;,
  -51.618000;-10.089000;55.260397;,
  -57.864896;-12.998700;46.143101;,
  -49.890701;-3.519610;53.123101;,
  -53.059798;-2.230360;43.745997;,
  -57.301203;-3.376760;45.543597;,
  -52.009798;-4.687840;54.490003;,
  -53.388099;-7.246340;55.337402;,
  -59.893197;-8.509980;46.384899;,
  -57.864896;-12.998700;46.143101;,
  -51.618000;-10.089000;55.260397;,
  -22.524099;-22.686899;169.574003;,
  -24.787501;-21.497699;162.516006;,
  -28.745501;-18.630400;161.526989;,
  -29.512499;-7.944360;174.520998;,
  -20.918301;-22.765400;175.349005;,
  -23.277099;-19.171000;181.516992;,
